Mutation	MutatedProtein	InteractingProtein	PROPERTIES	BLOSUM	POLYPHEN_2_HC	POLYPHEN_2	SIFT_HC	SIFT	NULL	HOTSPOT_ENRICHED	PSHC	HPSHC	MutatedDomains
rs28897748	P51587	P51587	1	1	1	1	1	1	1	1	1	1	PF09103
rs28897748	P51587	P60896	1	1	1	1	1	1	1	1	1	1	PF09103
rs771336341	P51587	O43502	0	0	0	0	1	1	1	0	1	1	PF00634
rs771336341	P51587	Q14565	0	0	0	0	1	1	1	0	1	1	PF00634
rs771336341	P51587	Q06609	0	0	0	0	1	1	1	0	1	1	PF00634
rs771336341	P51587	O43542	0	0	0	0	1	1	1	0	1	1	PF00634
rs80359001	P51587	P51587	1	1	1	1	1	1	1	0	1	1	PF09169
rs80359001	P51587	P60896	1	1	1	1	1	1	1	0	1	1	PF09169
rs766623248	P51587	P51587	1	1	1	1	1	1	1	0	1	1	PF09121
rs776630512	P51587	O43502	0	0	0	0	0	0	1	0	0	0	PF00634
rs776630512	P51587	Q14565	0	0	0	0	0	0	1	0	0	0	PF00634
rs776630512	P51587	Q06609	0	0	0	0	0	0	1	0	0	0	PF00634
rs776630512	P51587	O43542	0	0	0	0	0	0	1	0	0	0	PF00634
rs774723315	P51587	P51587	1	1	1	1	1	1	1	1	1	1	PF09169
rs774723315	P51587	P60896	1	1	1	1	1	1	1	1	1	1	PF09169
rs80358693	P51587	O43502	1	1	1	1	1	1	1	0	1	1	PF00634
rs80358693	P51587	Q14565	1	1	1	1	1	1	1	0	1	1	PF00634
rs80358693	P51587	Q06609	1	1	1	1	1	1	1	0	1	1	PF00634
rs80358693	P51587	O43542	1	1	1	1	1	1	1	0	1	1	PF00634
rs754643404	P51587	O43502	1	1	1	1	1	1	1	0	1	1	PF00634
rs754643404	P51587	Q14565	1	1	1	1	1	1	1	0	1	1	PF00634
rs754643404	P51587	Q06609	1	1	1	1	1	1	1	0	1	1	PF00634
rs754643404	P51587	O43542	1	1	1	1	1	1	1	0	1	1	PF00634
rs185012573	P51587	P51587	1	0	1	1	1	1	1	0	1	1	PF09169
rs185012573	P51587	P60896	1	0	1	1	1	1	1	0	1	1	PF09169
rs56070345	P51587	P51587	1	1	0	1	0	0	1	1	0	1	PF09169
rs56070345	P51587	P60896	1	1	0	1	0	0	1	1	0	1	PF09169
rs756152752	P51587	O43502	1	0	0	0	0	0	1	0	0	0	PF00634
rs756152752	P51587	Q14565	1	0	0	0	0	0	1	0	0	0	PF00634
rs756152752	P51587	Q06609	1	0	0	0	0	0	1	0	0	0	PF00634
rs756152752	P51587	O43542	1	0	0	0	0	0	1	0	0	0	PF00634
rs761030046	P51587	P51587	1	0	0	1	1	1	1	0	1	1	PF09103
rs761030046	P51587	P60896	1	0	0	1	1	1	1	0	1	1	PF09103
rs80359037	P51587	P51587	0	0	0	1	1	1	1	0	1	1	PF09103
rs80359037	P51587	P60896	0	0	0	1	1	1	1	0	1	1	PF09103
rs201561974	P51587	P51587	1	1	0	1	1	1	1	1	1	1	PF09104
rs786202527	P51587	P51587	1	1	1	1	1	1	1	0	1	1	PF09169
rs786202527	P51587	P60896	1	1	1	1	1	1	1	0	1	1	PF09169
rs587782365	P51587	P51587	1	1	0	0	0	0	1	1	0	1	PF09103
rs587782365	P51587	P60896	1	1	0	0	0	0	1	1	0	1	PF09103
rs80358724	P51587	O43502	0	1	0	0	0	0	1	0	0	0	PF00634
rs80358724	P51587	Q14565	0	1	0	0	0	0	1	0	0	0	PF00634
rs80358724	P51587	Q06609	0	1	0	0	0	0	1	0	0	0	PF00634
rs80358724	P51587	O43542	0	1	0	0	0	0	1	0	0	0	PF00634
rs80359042	P51587	P51587	1	1	1	1	1	1	1	1	1	1	PF09103
rs80359042	P51587	P60896	1	1	1	1	1	1	1	1	1	1	PF09103
rs80359012	P51587	P51587	1	1	1	1	1	1	1	1	1	1	PF09169
rs80359012	P51587	P60896	1	1	1	1	1	1	1	1	1	1	PF09169
rs80359041	P51587	P51587	1	1	1	1	1	1	1	1	1	1	PF09103
rs80359041	P51587	P60896	1	1	1	1	1	1	1	1	1	1	PF09103
rs80358968	P51587	P51587	0	0	1	1	1	1	1	0	1	1	PF09169
rs80358968	P51587	P60896	0	0	1	1	1	1	1	0	1	1	PF09169
rs55704151	P51587	P51587	1	0	0	0	1	1	1	0	1	1	PF09104
rs587776469	P51587	P51587	1	1	1	1	1	1	1	1	1	1	PF09169
rs587776469	P51587	P60896	1	1	1	1	1	1	1	1	1	1	PF09169
rs730881525	P51587	O43502	1	0	1	1	1	1	1	1	1	1	PF00634
rs730881525	P51587	Q14565	1	0	1	1	1	1	1	1	1	1	PF00634
rs730881525	P51587	Q06609	1	0	1	1	1	1	1	1	1	1	PF00634
rs730881525	P51587	O43542	1	0	1	1	1	1	1	1	1	1	PF00634
rs753047043	P51587	P51587	1	1	1	1	1	1	1	1	1	1	PF09169
rs753047043	P51587	P60896	1	1	1	1	1	1	1	1	1	1	PF09169
rs80358728	P51587	O43502	1	1	0	0	1	1	1	0	1	1	PF00634
rs80358728	P51587	Q14565	1	1	0	0	1	1	1	0	1	1	PF00634
rs80358728	P51587	Q06609	1	1	0	0	1	1	1	0	1	1	PF00634
rs80358728	P51587	O43542	1	1	0	0	1	1	1	0	1	1	PF00634
rs757824441	P51587	P51587	1	1	1	1	1	1	1	0	1	1	PF09104
rs80359119	P51587	P51587	1	1	1	1	1	1	1	0	1	1	PF09121
rs764921920	P51587	O43502	1	1	1	1	1	1	1	1	1	1	PF00634
rs764921920	P51587	Q14565	1	1	1	1	1	1	1	1	1	1	PF00634
rs764921920	P51587	Q06609	1	1	1	1	1	1	1	1	1	1	PF00634
rs764921920	P51587	O43542	1	1	1	1	1	1	1	1	1	1	PF00634
rs786202000	P51587	P51587	1	1	1	1	1	1	1	0	1	1	PF09104
rs80359059	P51587	P51587	1	0	0	0	0	0	1	0	0	0	PF09103
rs80359059	P51587	P60896	1	0	0	0	0	0	1	0	0	0	PF09103
rs587782676	P51587	P51587	1	1	1	1	1	1	1	0	1	1	PF09169
rs587782676	P51587	P60896	1	1	1	1	1	1	1	0	1	1	PF09169
rs80358982	P51587	P51587	1	1	1	1	1	1	1	1	1	1	PF09169
rs80358982	P51587	P60896	1	1	1	1	1	1	1	1	1	1	PF09169
rs431825358	P51587	P51587	1	1	1	1	1	1	1	1	1	1	PF09169
rs431825358	P51587	P60896	1	1	1	1	1	1	1	1	1	1	PF09169
rs80358970	P51587	P51587	1	1	0	1	1	1	1	1	1	1	PF09169
rs80358970	P51587	P60896	1	1	0	1	1	1	1	1	1	1	PF09169
rs80359217	P51587	P51587	1	1	1	1	1	1	1	1	1	1	PF09104
rs431825360	P51587	P51587	1	0	0	1	1	1	1	0	1	1	PF09169
rs431825360	P51587	P60896	1	0	0	1	1	1	1	0	1	1	PF09169
rs80359174	P51587	P51587	1	0	0	0	1	1	1	1	1	1	PF09104
rs148618542	P51587	O43502	1	1	1	1	1	1	1	1	1	1	PF00634
rs148618542	P51587	Q14565	1	1	1	1	1	1	1	1	1	1	PF00634
rs148618542	P51587	Q06609	1	1	1	1	1	1	1	1	1	1	PF00634
rs148618542	P51587	O43542	1	1	1	1	1	1	1	1	1	1	PF00634
rs80358669	P51587	O43502	0	0	0	0	0	0	1	0	0	0	PF00634
rs80358669	P51587	Q14565	0	0	0	0	0	0	1	0	0	0	PF00634
rs80358669	P51587	Q06609	0	0	0	0	0	0	1	0	0	0	PF00634
rs80358669	P51587	O43542	0	0	0	0	0	0	1	0	0	0	PF00634
rs769635024	P51587	P51587	1	1	1	1	1	1	1	1	1	1	PF09104
rs41293493	P51587	O43502	1	0	0	0	0	0	1	0	0	0	PF00634
rs41293493	P51587	Q14565	1	0	0	0	0	0	1	0	0	0	PF00634
rs41293493	P51587	Q06609	1	0	0	0	0	0	1	0	0	0	PF00634
rs41293493	P51587	O43542	1	0	0	0	0	0	1	0	0	0	PF00634
rs80359043	P51587	P51587	0	0	1	1	1	1	1	0	1	1	PF09103
rs80359043	P51587	P60896	0	0	1	1	1	1	1	0	1	1	PF09103
rs28897746	P51587	P51587	1	1	1	1	1	1	1	0	1	1	PF09103
rs28897746	P51587	P60896	1	1	1	1	1	1	1	0	1	1	PF09103
rs80358613	P51587	O43502	1	1	1	1	1	1	1	0	1	1	PF00634
rs80358613	P51587	Q14565	1	1	1	1	1	1	1	0	1	1	PF00634
rs80358613	P51587	Q06609	1	1	1	1	1	1	1	0	1	1	PF00634
rs80358613	P51587	O43542	1	1	1	1	1	1	1	0	1	1	PF00634
rs28897745	P51587	P51587	1	1	1	1	1	1	1	1	1	1	PF09169
rs28897745	P51587	P60896	1	1	1	1	1	1	1	1	1	1	PF09169
rs587782751	P51587	O43502	1	1	0	1	1	1	1	0	1	1	PF00634
rs587782751	P51587	Q14565	1	1	0	1	1	1	1	0	1	1	PF00634
rs587782751	P51587	Q06609	1	1	0	1	1	1	1	0	1	1	PF00634
rs587782751	P51587	O43542	1	1	0	1	1	1	1	0	1	1	PF00634
rs397507730	P51587	O43502	0	0	1	1	1	1	1	0	1	1	PF00634
rs397507730	P51587	Q14565	0	0	1	1	1	1	1	0	1	1	PF00634
rs397507730	P51587	Q06609	0	0	1	1	1	1	1	0	1	1	PF00634
rs397507730	P51587	O43542	0	0	1	1	1	1	1	0	1	1	PF00634
rs753891750	P51587	P51587	0	1	1	1	1	1	1	0	1	1	PF09169
rs753891750	P51587	P60896	0	1	1	1	1	1	1	0	1	1	PF09169
rs80358983	P51587	P51587	0	0	0	0	0	0	1	0	0	0	PF09169
rs80358983	P51587	P60896	0	0	0	0	0	0	1	0	0	0	PF09169
rs374191973	P51587	O43502	1	0	0	1	1	1	1	1	1	1	PF00634
rs374191973	P51587	Q14565	1	0	0	1	1	1	1	1	1	1	PF00634
rs374191973	P51587	Q06609	1	0	0	1	1	1	1	1	1	1	PF00634
rs374191973	P51587	O43542	1	0	0	1	1	1	1	1	1	1	PF00634
rs80359039	P51587	P51587	1	1	1	1	1	1	1	1	1	1	PF09103
rs80359039	P51587	P60896	1	1	1	1	1	1	1	1	1	1	PF09103
rs80359108	P51587	P51587	1	0	1	1	1	1	1	0	1	1	PF09121
rs80358989	P51587	P51587	1	1	0	0	1	1	1	0	1	1	PF09169
rs80358989	P51587	P60896	1	1	0	0	1	1	1	0	1	1	PF09169
rs80359104	P51587	P51587	1	1	1	1	1	1	1	1	1	1	PF09121
rs780715340	P51587	P51587	1	1	1	1	1	1	1	0	1	1	PF09169
rs780715340	P51587	P60896	1	1	1	1	1	1	1	0	1	1	PF09169
rs786202091	P51587	O43502	0	0	0	0	1	1	1	0	1	1	PF00634
rs786202091	P51587	Q14565	0	0	0	0	1	1	1	0	1	1	PF00634
rs786202091	P51587	Q06609	0	0	0	0	1	1	1	0	1	1	PF00634
rs786202091	P51587	O43542	0	0	0	0	1	1	1	0	1	1	PF00634
rs80359017	P51587	P51587	1	1	1	1	1	1	1	1	1	1	PF09169
rs80359017	P51587	P60896	1	1	1	1	1	1	1	1	1	1	PF09169
rs755201475	P51587	P51587	1	1	0	1	1	1	1	1	1	1	PF09104
rs397507365	P51587	O43502	0	0	1	1	1	1	1	0	1	1	PF00634
rs397507365	P51587	Q14565	0	0	1	1	1	1	1	0	1	1	PF00634
rs397507365	P51587	Q06609	0	0	1	1	1	1	1	0	1	1	PF00634
rs397507365	P51587	O43542	0	0	1	1	1	1	1	0	1	1	PF00634
rs398122771	P51587	O43502	1	0	1	1	0	0	1	1	1	1	PF00634
rs398122771	P51587	Q14565	1	0	1	1	0	0	1	1	1	1	PF00634
rs398122771	P51587	Q06609	1	0	1	1	0	0	1	1	1	1	PF00634
rs398122771	P51587	O43542	1	0	1	1	0	0	1	1	1	1	PF00634
rs778806241	P51587	P51587	1	1	0	1	1	1	1	0	1	1	PF09103
rs778806241	P51587	P60896	1	1	0	1	1	1	1	0	1	1	PF09103
rs397507398	P51587	P51587	0	0	0	1	1	1	1	0	1	1	PF09103
rs397507398	P51587	P60896	0	0	0	1	1	1	1	0	1	1	PF09103
rs541826447	P51587	O43502	1	1	0	1	1	1	1	1	1	1	PF00634
rs541826447	P51587	Q14565	1	1	0	1	1	1	1	1	1	1	PF00634
rs541826447	P51587	Q06609	1	1	0	1	1	1	1	1	1	1	PF00634
rs541826447	P51587	O43542	1	1	0	1	1	1	1	1	1	1	PF00634
rs80358985	P51587	P51587	1	1	1	1	1	1	1	0	1	1	PF09169
rs80358985	P51587	P60896	1	1	1	1	1	1	1	0	1	1	PF09169
rs760663398	P51587	P51587	0	0	0	0	0	0	1	0	0	0	PF09121
rs397507329	P51587	O43502	1	1	0	1	0	0	1	0	0	0	PF00634
rs397507329	P51587	Q14565	1	1	0	1	0	0	1	0	0	0	PF00634
rs397507329	P51587	Q06609	1	1	0	1	0	0	1	0	0	0	PF00634
rs397507329	P51587	O43542	1	1	0	1	0	0	1	0	0	0	PF00634
rs730881582	P51587	P51587	1	0	1	1	0	0	1	0	1	1	PF09103
rs730881582	P51587	P60896	1	0	1	1	0	0	1	0	1	1	PF09103
rs397507397	P51587	P51587	1	1	0	1	1	1	1	0	1	1	PF09103
rs397507397	P51587	P60896	1	1	0	1	1	1	1	0	1	1	PF09103
rs587781552	P51587	O43502	1	0	0	0	1	1	1	0	1	1	PF00634
rs587781552	P51587	Q14565	1	0	0	0	1	1	1	0	1	1	PF00634
rs587781552	P51587	Q06609	1	0	0	0	1	1	1	0	1	1	PF00634
rs587781552	P51587	O43542	1	0	0	0	1	1	1	0	1	1	PF00634
rs587782519	P51587	P51587	1	1	1	1	1	1	1	0	1	1	PF09103
rs587782519	P51587	P60896	1	1	1	1	1	1	1	0	1	1	PF09103
rs786203278	P51587	P51587	1	1	1	1	1	1	1	0	1	1	PF09103
rs786203278	P51587	P60896	1	1	1	1	1	1	1	0	1	1	PF09103
rs398122595	P51587	P51587	1	1	1	1	1	1	1	1	1	1	PF09103
rs398122595	P51587	P60896	1	1	1	1	1	1	1	1	1	1	PF09103
rs397507926	P51587	P51587	1	1	1	1	1	1	1	0	1	1	PF09169
rs397507926	P51587	P60896	1	1	1	1	1	1	1	0	1	1	PF09169
rs786204070	P51587	P51587	1	1	0	0	0	0	1	1	0	1	PF09104
rs571971903	P51587	P51587	1	1	1	1	1	1	1	0	1	1	PF09104
rs397507347	P51587	O43502	1	1	0	0	1	1	1	0	1	1	PF00634
rs397507347	P51587	Q14565	1	1	0	0	1	1	1	0	1	1	PF00634
rs397507347	P51587	Q06609	1	1	0	0	1	1	1	0	1	1	PF00634
rs397507347	P51587	O43542	1	1	0	0	1	1	1	0	1	1	PF00634
rs28897722	P51587	O43502	1	0	0	0	0	0	1	0	0	0	PF00634
rs28897722	P51587	Q14565	1	0	0	0	0	0	1	0	0	0	PF00634
rs28897722	P51587	Q06609	1	0	0	0	0	0	1	0	0	0	PF00634
rs28897722	P51587	O43542	1	0	0	0	0	0	1	0	0	0	PF00634
rs587782182	P51587	O43502	1	1	0	0	0	0	1	0	0	0	PF00634
rs587782182	P51587	Q14565	1	1	0	0	0	0	1	0	0	0	PF00634
rs587782182	P51587	Q06609	1	1	0	0	0	0	1	0	0	0	PF00634
rs587782182	P51587	O43542	1	1	0	0	0	0	1	0	0	0	PF00634
rs587781901	P51587	P51587	1	1	1	1	1	1	1	0	1	1	PF09104
rs587782588	P51587	P51587	1	1	0	0	1	1	1	1	1	1	PF09169
rs587782588	P51587	P60896	1	1	0	0	1	1	1	1	1	1	PF09169
rs730881526	P51587	O43502	1	1	0	1	1	1	1	1	1	1	PF00634
rs730881526	P51587	Q14565	1	1	0	1	1	1	1	1	1	1	PF00634
rs730881526	P51587	Q06609	1	1	0	1	1	1	1	1	1	1	PF00634
rs730881526	P51587	O43542	1	1	0	1	1	1	1	1	1	1	PF00634
rs80359060	P51587	P51587	1	1	0	0	0	0	1	1	0	1	PF09103
rs80359060	P51587	P60896	1	1	0	0	0	0	1	1	0	1	PF09103
rs397507336	P51587	O43502	1	1	1	1	1	1	1	1	1	1	PF00634
rs397507336	P51587	Q14565	1	1	1	1	1	1	1	1	1	1	PF00634
rs397507336	P51587	Q06609	1	1	1	1	1	1	1	1	1	1	PF00634
rs397507336	P51587	O43542	1	1	1	1	1	1	1	1	1	1	PF00634
rs80359116	P51587	P51587	1	1	0	0	0	0	1	0	0	0	PF09121
rs80358837	P51587	O43502	1	1	0	0	0	0	1	1	0	1	PF00634
rs80358837	P51587	Q14565	1	1	0	0	0	0	1	1	0	1	PF00634
rs80358837	P51587	Q06609	1	1	0	0	0	0	1	1	0	1	PF00634
rs80358837	P51587	O43542	1	1	0	0	0	0	1	1	0	1	PF00634
rs80359084	P51587	P51587	1	0	1	1	1	1	1	0	1	1	PF09103
rs80359084	P51587	P60896	1	0	1	1	1	1	1	0	1	1	PF09103
rs730881562	P51587	P51587	0	0	1	1	1	1	1	0	1	1	PF09103
rs730881562	P51587	P60896	0	0	1	1	1	1	1	0	1	1	PF09103
rs80359047	P51587	P51587	1	1	1	1	1	1	1	0	1	1	PF09103
rs80359047	P51587	P60896	1	1	1	1	1	1	1	0	1	1	PF09103
rs80358664	P51587	O43502	1	1	0	0	0	0	1	0	0	0	PF00634
rs80358664	P51587	Q14565	1	1	0	0	0	0	1	0	0	0	PF00634
rs80358664	P51587	Q06609	1	1	0	0	0	0	1	0	0	0	PF00634
rs80358664	P51587	O43542	1	1	0	0	0	0	1	0	0	0	PF00634
rs56204128	P51587	P51587	1	1	0	0	0	0	1	0	0	0	PF09104
rs80359206	P51587	P51587	1	1	0	1	0	0	1	1	0	1	PF09104
rs80358967	P51587	P51587	1	0	0	0	0	0	1	0	0	0	PF09169
rs80358967	P51587	P60896	1	0	0	0	0	0	1	0	0	0	PF09169
rs80359026	P51587	P51587	1	1	1	1	1	1	1	1	1	1	PF09169
rs80359026	P51587	P60896	1	1	1	1	1	1	1	1	1	1	PF09169
rs80358779	P51587	O43502	1	0	0	0	0	0	1	0	0	0	PF00634
rs80358779	P51587	Q14565	1	0	0	0	0	0	1	0	0	0	PF00634
rs80358779	P51587	Q06609	1	0	0	0	0	0	1	0	0	0	PF00634
rs80358779	P51587	O43542	1	0	0	0	0	0	1	0	0	0	PF00634
rs80358966	P51587	P51587	1	1	0	0	1	1	1	0	1	1	PF09169
rs80358966	P51587	P60896	1	1	0	0	1	1	1	0	1	1	PF09169
rs759784406	P51587	P51587	0	0	0	1	0	0	1	0	0	0	PF09121
rs80359075	P51587	P51587	1	1	1	1	1	1	1	1	1	1	PF09103
rs80359075	P51587	P60896	1	1	1	1	1	1	1	1	1	1	PF09103
rs80359208	P51587	P51587	1	1	1	1	1	1	1	0	1	1	PF09104
rs80359177	P51587	P51587	1	1	1	1	1	1	1	1	1	1	PF09104
rs774994294	P51587	P51587	1	1	1	1	1	1	1	1	1	1	PF09169
rs774994294	P51587	P60896	1	1	1	1	1	1	1	1	1	1	PF09169
rs398122590	P51587	P51587	1	1	1	1	1	1	1	0	1	1	PF09169
rs398122590	P51587	P60896	1	1	1	1	1	1	1	0	1	1	PF09169
rs41293517	P51587	P51587	1	1	0	0	0	0	1	1	0	1	PF09103
rs41293517	P51587	P60896	1	1	0	0	0	0	1	1	0	1	PF09103
rs55730620	P51587	O43502	1	1	0	0	0	0	1	0	0	0	PF00634
rs55730620	P51587	Q14565	1	1	0	0	0	0	1	0	0	0	PF00634
rs55730620	P51587	Q06609	1	1	0	0	0	0	1	0	0	0	PF00634
rs55730620	P51587	O43542	1	1	0	0	0	0	1	0	0	0	PF00634
rs28897737	P51587	O43502	1	1	0	1	1	1	1	0	1	1	PF00634
rs28897737	P51587	Q14565	1	1	0	1	1	1	1	0	1	1	PF00634
rs28897737	P51587	Q06609	1	1	0	1	1	1	1	0	1	1	PF00634
rs28897737	P51587	O43542	1	1	0	1	1	1	1	0	1	1	PF00634
rs80359195	P51587	P51587	1	1	1	1	1	1	1	1	1	1	PF09104
rs169548	P51587	P51587	1	1	0	0	1	1	1	0	1	1	PF09169
rs169548	P51587	P60896	1	1	0	0	1	1	1	0	1	1	PF09169
rs587781514	P51587	P51587	1	1	0	1	1	1	1	0	1	1	PF09104
rs563889433	P51587	P51587	1	0	0	0	1	1	1	0	1	1	PF09104
rs398122587	P51587	P51587	1	0	1	1	0	0	1	1	1	1	PF09169
rs398122587	P51587	P60896	1	0	1	1	0	0	1	1	1	1	PF09169
rs398122600	P51587	P51587	1	1	1	1	1	1	1	1	1	1	PF09103
rs398122600	P51587	P60896	1	1	1	1	1	1	1	1	1	1	PF09103
rs774027004	P51587	P51587	1	0	0	0	0	0	1	0	0	0	PF09103
rs774027004	P51587	P60896	1	0	0	0	0	0	1	0	0	0	PF09103
rs587781418	P51587	O43502	1	1	1	1	1	1	1	0	1	1	PF00634
rs587781418	P51587	Q14565	1	1	1	1	1	1	1	0	1	1	PF00634
rs587781418	P51587	Q06609	1	1	1	1	1	1	1	0	1	1	PF00634
rs587781418	P51587	O43542	1	1	1	1	1	1	1	0	1	1	PF00634
rs80359184	P51587	P51587	0	0	1	1	1	1	1	0	1	1	PF09104
rs786202287	P51587	P51587	1	1	0	1	0	0	1	1	0	1	PF09103
rs786202287	P51587	P60896	1	1	0	1	0	0	1	1	0	1	PF09103
rs730881571	P51587	P51587	1	0	1	1	1	1	1	0	1	1	PF09104
rs80359215	P51587	P51587	1	1	0	0	1	1	1	0	1	1	PF09104
rs80359800	P51587	P51587	0	0	1	1	1	1	1	0	1	1	PF09169
rs80359800	P51587	P60896	0	0	1	1	1	1	1	0	1	1	PF09169
rs41293515	P51587	P51587	0	0	1	1	1	1	1	0	1	1	PF09103
rs41293515	P51587	P60896	0	0	1	1	1	1	1	0	1	1	PF09103
rs765882871	P51587	O43502	1	0	0	0	1	1	1	1	1	1	PF00634
rs765882871	P51587	Q14565	1	0	0	0	1	1	1	1	1	1	PF00634
rs765882871	P51587	Q06609	1	0	0	0	1	1	1	1	1	1	PF00634
rs765882871	P51587	O43542	1	0	0	0	1	1	1	1	1	1	PF00634
rs80359171	P51587	P51587	1	0	1	1	1	1	1	1	1	1	PF09104
rs587781455	P51587	O43502	0	0	0	0	0	0	1	0	0	0	PF00634
rs587781455	P51587	Q14565	0	0	0	0	0	0	1	0	0	0	PF00634
rs587781455	P51587	Q06609	0	0	0	0	0	0	1	0	0	0	PF00634
rs587781455	P51587	O43542	0	0	0	0	0	0	1	0	0	0	PF00634
rs755946384	P51587	P51587	0	0	0	0	0	0	1	0	0	0	PF09103
rs755946384	P51587	P60896	0	0	0	0	0	0	1	0	0	0	PF09103
rs41293511	P51587	P51587	1	1	1	1	1	1	1	1	1	1	PF09103
rs41293511	P51587	P60896	1	1	1	1	1	1	1	1	1	1	PF09103
rs587781889	P51587	P51587	1	1	0	1	1	1	1	0	1	1	PF09103
rs587781889	P51587	P60896	1	1	0	1	1	1	1	0	1	1	PF09103
rs80358976	P51587	P51587	1	1	0	0	0	0	1	1	0	1	PF09169
rs80358976	P51587	P60896	1	1	0	0	0	0	1	1	0	1	PF09169
rs587782375	P51587	O43502	0	0	0	0	1	1	1	0	1	1	PF00634
rs587782375	P51587	Q14565	0	0	0	0	1	1	1	0	1	1	PF00634
rs587782375	P51587	Q06609	0	0	0	0	1	1	1	0	1	1	PF00634
rs587782375	P51587	O43542	0	0	0	0	1	1	1	0	1	1	PF00634
rs398122604	P51587	P51587	1	0	1	1	1	1	1	0	1	1	PF09103
rs398122604	P51587	P60896	1	0	1	1	1	1	1	0	1	1	PF09103
rs80358969	P51587	P51587	1	1	1	1	1	1	1	1	1	1	PF09169
rs80358969	P51587	P60896	1	1	1	1	1	1	1	1	1	1	PF09169
rs41293507	P51587	P51587	0	0	0	0	0	0	1	0	0	0	PF09169
rs41293507	P51587	P60896	0	0	0	0	0	0	1	0	0	0	PF09169
rs80358777	P51587	O43502	1	1	0	1	1	1	1	0	1	1	PF00634
rs80358777	P51587	Q14565	1	1	0	1	1	1	1	0	1	1	PF00634
rs80358777	P51587	Q06609	1	1	0	1	1	1	1	0	1	1	PF00634
rs80358777	P51587	O43542	1	1	0	1	1	1	1	0	1	1	PF00634
rs730881569	P51587	P51587	1	1	0	0	0	0	1	0	0	0	PF09104
rs80359018	P51587	P51587	1	1	1	1	1	1	1	0	1	1	PF09169
rs80359018	P51587	P60896	1	1	1	1	1	1	1	0	1	1	PF09169
rs80359209	P51587	P51587	1	1	1	1	1	1	1	0	1	1	PF09104
rs80359223	P51587	P51587	1	1	0	0	1	1	1	0	1	1	PF09104
rs786203719	P51587	O43502	1	1	0	0	1	1	1	0	1	1	PF00634
rs786203719	P51587	Q14565	1	1	0	0	1	1	1	0	1	1	PF00634
rs786203719	P51587	Q06609	1	1	0	0	1	1	1	0	1	1	PF00634
rs786203719	P51587	O43542	1	1	0	0	1	1	1	0	1	1	PF00634
rs80358834	P51587	O43502	0	1	1	1	1	1	1	0	1	1	PF00634
rs80358834	P51587	Q14565	0	1	1	1	1	1	1	0	1	1	PF00634
rs80358834	P51587	Q06609	0	1	1	1	1	1	1	0	1	1	PF00634
rs80358834	P51587	O43542	0	1	1	1	1	1	1	0	1	1	PF00634
rs80359107	P51587	P51587	1	0	0	0	0	0	1	0	0	0	PF09121
rs767200163	P51587	O43502	1	1	0	0	1	1	1	0	1	1	PF00634
rs767200163	P51587	Q14565	1	1	0	0	1	1	1	0	1	1	PF00634
rs767200163	P51587	Q06609	1	1	0	0	1	1	1	0	1	1	PF00634
rs767200163	P51587	O43542	1	1	0	0	1	1	1	0	1	1	PF00634
rs786203291	P51587	O43502	1	0	0	1	1	1	1	1	1	1	PF00634
rs786203291	P51587	Q14565	1	0	0	1	1	1	1	1	1	1	PF00634
rs786203291	P51587	Q06609	1	0	0	1	1	1	1	1	1	1	PF00634
rs786203291	P51587	O43542	1	0	0	1	1	1	1	1	1	1	PF00634
rs80359066	P51587	P51587	0	1	1	1	1	1	1	0	1	1	PF09103
rs80359066	P51587	P60896	0	1	1	1	1	1	1	0	1	1	PF09103
rs28897744	P51587	P51587	1	1	1	1	1	1	1	0	1	1	PF09169
rs28897744	P51587	P60896	1	1	1	1	1	1	1	0	1	1	PF09169
rs80359065	P51587	P51587	1	1	1	1	1	1	1	1	1	1	PF09103
rs80359065	P51587	P60896	1	1	1	1	1	1	1	1	1	1	PF09103
rs80359030	P51587	P51587	1	0	1	1	1	1	1	0	1	1	PF09169
rs80359030	P51587	P60896	1	0	1	1	1	1	1	0	1	1	PF09169
rs587782753	P51587	O43502	1	0	0	0	1	1	1	0	1	1	PF00634
rs587782753	P51587	Q14565	1	0	0	0	1	1	1	0	1	1	PF00634
rs587782753	P51587	Q06609	1	0	0	0	1	1	1	0	1	1	PF00634
rs587782753	P51587	O43542	1	0	0	0	1	1	1	0	1	1	PF00634
rs786202429	P51587	P51587	0	0	0	0	0	0	1	0	0	0	PF09169
rs786202429	P51587	P60896	0	0	0	0	0	0	1	0	0	0	PF09169
rs397507337	P51587	O43502	1	1	1	1	1	1	1	0	1	1	PF00634
rs397507337	P51587	Q14565	1	1	1	1	1	1	1	0	1	1	PF00634
rs397507337	P51587	Q06609	1	1	1	1	1	1	1	0	1	1	PF00634
rs397507337	P51587	O43542	1	1	1	1	1	1	1	0	1	1	PF00634
rs80359788	P51587	O43502	1	1	1	1	1	1	1	0	1	1	PF00634
rs80359788	P51587	Q14565	1	1	1	1	1	1	1	0	1	1	PF00634
rs80359788	P51587	Q06609	1	1	1	1	1	1	1	0	1	1	PF00634
rs80359788	P51587	O43542	1	1	1	1	1	1	1	0	1	1	PF00634
rs786201976	P51587	P51587	1	0	0	1	1	1	1	0	1	1	PF09103
rs786201976	P51587	P60896	1	0	0	1	1	1	1	0	1	1	PF09103
rs431825359	P51587	P51587	1	0	1	1	1	1	1	0	1	1	PF09169
rs431825359	P51587	P60896	1	0	1	1	1	1	1	0	1	1	PF09169
rs80359173	P51587	P51587	1	1	0	0	0	0	1	0	0	0	PF09104
rs80359185	P51587	P51587	1	1	1	1	1	1	1	0	1	1	PF09104
rs80358855	P51587	O43502	1	1	0	0	0	0	1	0	0	0	PF00634
rs80358855	P51587	Q14565	1	1	0	0	0	0	1	0	0	0	PF00634
rs80358855	P51587	Q06609	1	1	0	0	0	0	1	0	0	0	PF00634
rs80358855	P51587	O43542	1	1	0	0	0	0	1	0	0	0	PF00634
rs55877890	P51587	O43502	1	1	1	1	1	1	1	0	1	1	PF00634
rs55877890	P51587	Q14565	1	1	1	1	1	1	1	0	1	1	PF00634
rs55877890	P51587	Q06609	1	1	1	1	1	1	1	0	1	1	PF00634
rs55877890	P51587	O43542	1	1	1	1	1	1	1	0	1	1	PF00634
rs80358666	P51587	O43502	1	1	0	0	0	0	1	0	0	0	PF00634
rs80358666	P51587	Q14565	1	1	0	0	0	0	1	0	0	0	PF00634
rs80358666	P51587	Q06609	1	1	0	0	0	0	1	0	0	0	PF00634
rs80358666	P51587	O43542	1	1	0	0	0	0	1	0	0	0	PF00634
rs758795405	P51587	O43502	1	1	1	1	1	1	1	0	1	1	PF00634
rs758795405	P51587	Q14565	1	1	1	1	1	1	1	0	1	1	PF00634
rs758795405	P51587	Q06609	1	1	1	1	1	1	1	0	1	1	PF00634
rs758795405	P51587	O43542	1	1	1	1	1	1	1	0	1	1	PF00634
rs397507974	P51587	P51587	1	1	1	1	0	0	1	0	1	1	PF09103
rs397507974	P51587	P60896	1	1	1	1	0	0	1	0	1	1	PF09103
rs80359055	P51587	P51587	1	0	0	0	0	0	1	0	0	0	PF09103
rs80359055	P51587	P60896	1	0	0	0	0	0	1	0	0	0	PF09103
rs730881558	P51587	P51587	0	0	0	1	1	1	1	0	1	1	PF09169
rs730881558	P51587	P60896	0	0	0	1	1	1	1	0	1	1	PF09169
rs754353971	P51587	O43502	1	0	0	0	1	1	1	0	1	1	PF00634
rs754353971	P51587	Q14565	1	0	0	0	1	1	1	0	1	1	PF00634
rs754353971	P51587	Q06609	1	0	0	0	1	1	1	0	1	1	PF00634
rs754353971	P51587	O43542	1	0	0	0	1	1	1	0	1	1	PF00634
rs80359194	P51587	P51587	0	0	0	0	0	0	1	0	0	0	PF09104
rs730881557	P51587	P51587	1	1	1	1	1	1	1	0	1	1	PF09169
rs730881557	P51587	P60896	1	1	1	1	1	1	1	0	1	1	PF09169
rs777943992	P51587	P51587	1	1	1	1	1	1	1	0	1	1	PF09104
rs397507364	P51587	O43502	1	1	1	1	1	1	1	0	1	1	PF00634
rs397507364	P51587	Q14565	1	1	1	1	1	1	1	0	1	1	PF00634
rs397507364	P51587	Q06609	1	1	1	1	1	1	1	0	1	1	PF00634
rs397507364	P51587	O43542	1	1	1	1	1	1	1	0	1	1	PF00634
rs80358827	P51587	O43502	1	1	1	1	1	1	1	0	1	1	PF00634
rs80358827	P51587	Q14565	1	1	1	1	1	1	1	0	1	1	PF00634
rs80358827	P51587	Q06609	1	1	1	1	1	1	1	0	1	1	PF00634
rs80358827	P51587	O43542	1	1	1	1	1	1	1	0	1	1	PF00634
rs786202808	P51587	O43502	1	1	0	0	1	1	1	1	1	1	PF00634
rs786202808	P51587	Q14565	1	1	0	0	1	1	1	1	1	1	PF00634
rs786202808	P51587	Q06609	1	1	0	0	1	1	1	1	1	1	PF00634
rs786202808	P51587	O43542	1	1	0	0	1	1	1	1	1	1	PF00634
rs398122596	P51587	P51587	1	1	0	0	1	1	1	0	1	1	PF09103
rs398122596	P51587	P60896	1	1	0	0	1	1	1	0	1	1	PF09103
rs80358690	P51587	O43502	1	1	0	0	0	0	1	0	0	0	PF00634
rs80358690	P51587	Q14565	1	1	0	0	0	0	1	0	0	0	PF00634
rs80358690	P51587	Q06609	1	1	0	0	0	0	1	0	0	0	PF00634
rs80358690	P51587	O43542	1	1	0	0	0	0	1	0	0	0	PF00634
rs786203511	P51587	P51587	0	1	1	1	1	1	1	0	1	1	PF09104
rs80358988	P51587	P51587	1	1	1	1	0	0	1	1	1	1	PF09169
rs80358988	P51587	P60896	1	1	1	1	0	0	1	1	1	1	PF09169
rs80358979	P51587	P51587	1	1	1	1	1	1	1	0	1	1	PF09169
rs80358979	P51587	P60896	1	1	1	1	1	1	1	0	1	1	PF09169
rs786202102	P51587	P51587	1	1	1	1	1	1	1	0	1	1	PF09169
rs786202102	P51587	P60896	1	1	1	1	1	1	1	0	1	1	PF09169
rs863224599	P51587	P51587	1	1	1	1	1	1	1	0	1	1	PF09121
rs431825363	P51587	P51587	1	1	1	1	1	1	1	0	1	1	PF09103
rs431825363	P51587	P60896	1	1	1	1	1	1	1	0	1	1	PF09103
rs864622526	P51587	O43502	1	1	1	1	1	1	1	0	1	1	PF00634
rs864622526	P51587	Q14565	1	1	1	1	1	1	1	0	1	1	PF00634
rs864622526	P51587	Q06609	1	1	1	1	1	1	1	0	1	1	PF00634
rs864622526	P51587	O43542	1	1	1	1	1	1	1	0	1	1	PF00634
rs781732299	P51587	O43502	0	0	1	1	1	1	1	0	1	1	PF00634
rs781732299	P51587	Q14565	0	0	1	1	1	1	1	0	1	1	PF00634
rs781732299	P51587	Q06609	0	0	1	1	1	1	1	0	1	1	PF00634
rs781732299	P51587	O43542	0	0	1	1	1	1	1	0	1	1	PF00634
rs80358832	P51587	O43502	1	0	0	0	1	1	1	0	1	1	PF00634
rs80358832	P51587	Q14565	1	0	0	0	1	1	1	0	1	1	PF00634
rs80358832	P51587	Q06609	1	0	0	0	1	1	1	0	1	1	PF00634
rs80358832	P51587	O43542	1	0	0	0	1	1	1	0	1	1	PF00634
rs762841458	P51587	O43502	1	1	1	1	1	1	1	0	1	1	PF00634
rs762841458	P51587	Q14565	1	1	1	1	1	1	1	0	1	1	PF00634
rs762841458	P51587	Q06609	1	1	1	1	1	1	1	0	1	1	PF00634
rs762841458	P51587	O43542	1	1	1	1	1	1	1	0	1	1	PF00634
rs112343538	P51587	P51587	1	1	1	1	1	1	1	0	1	1	PF09103
rs112343538	P51587	P60896	1	1	1	1	1	1	1	0	1	1	PF09103
rs786202189	P51587	P51587	1	1	1	1	1	1	1	0	1	1	PF09103
rs786202189	P51587	P60896	1	1	1	1	1	1	1	0	1	1	PF09103
rs587782829	P51587	P51587	1	1	1	1	1	1	1	0	1	1	PF09104
rs80358830	P51587	O43502	1	1	0	1	1	1	1	0	1	1	PF00634
rs80358830	P51587	Q14565	1	1	0	1	1	1	1	0	1	1	PF00634
rs80358830	P51587	Q06609	1	1	0	1	1	1	1	0	1	1	PF00634
rs80358830	P51587	O43542	1	1	0	1	1	1	1	0	1	1	PF00634
rs80359067	P51587	P51587	1	1	0	1	1	1	1	0	1	1	PF09103
rs80359067	P51587	P60896	1	1	0	1	1	1	1	0	1	1	PF09103
rs80359198	P51587	P51587	0	0	1	1	1	1	1	0	1	1	PF09104
rs746057464	P51587	P51587	1	1	1	1	1	1	1	1	1	1	PF09169
rs746057464	P51587	P60896	1	1	1	1	1	1	1	1	1	1	PF09169
rs80359000	P51587	P51587	1	1	1	1	1	1	1	0	1	1	PF09169
rs80359000	P51587	P60896	1	1	1	1	1	1	1	0	1	1	PF09169
rs80359051	P51587	P51587	1	0	0	0	0	0	1	0	0	0	PF09103
rs80359051	P51587	P60896	1	0	0	0	0	0	1	0	0	0	PF09103
rs80359114	P51587	P51587	1	0	0	1	0	0	1	0	0	0	PF09121
rs397507954	P51587	P51587	0	0	1	1	1	1	1	0	1	1	PF09103
rs397507954	P51587	P60896	0	0	1	1	1	1	1	0	1	1	PF09103
rs786204284	P51587	P51587	1	1	0	0	0	0	1	0	0	0	PF09104
rs80359020	P51587	P51587	1	0	0	0	0	0	1	0	0	0	PF09169
rs80359020	P51587	P60896	1	0	0	0	0	0	1	0	0	0	PF09169
rs786203482	P51587	P51587	1	1	0	0	0	0	1	0	0	0	PF09169
rs786203482	P51587	P60896	1	1	0	0	0	0	1	0	0	0	PF09169
rs730881565	P51587	P51587	1	0	0	1	0	0	1	0	0	0	PF09121
rs398122614	P51587	P51587	1	1	0	0	0	0	1	0	0	0	PF09104
rs80359079	P51587	P51587	1	1	1	1	1	1	1	1	1	1	PF09103
rs80359079	P51587	P60896	1	1	1	1	1	1	1	1	1	1	PF09103
rs786204277	P51587	O43502	1	1	0	1	1	1	1	0	1	1	PF00634
rs786204277	P51587	Q14565	1	1	0	1	1	1	1	0	1	1	PF00634
rs786204277	P51587	Q06609	1	1	0	1	1	1	1	0	1	1	PF00634
rs786204277	P51587	O43542	1	1	0	1	1	1	1	0	1	1	PF00634
rs80359027	P51587	P51587	1	1	1	1	1	1	1	1	1	1	PF09169
rs80359027	P51587	P60896	1	1	1	1	1	1	1	1	1	1	PF09169
rs80358835	P51587	O43502	1	1	0	1	1	1	1	0	1	1	PF00634
rs80358835	P51587	Q14565	1	1	0	1	1	1	1	0	1	1	PF00634
rs80358835	P51587	Q06609	1	1	0	1	1	1	1	0	1	1	PF00634
rs80358835	P51587	O43542	1	1	0	1	1	1	1	0	1	1	PF00634
rs80358668	P51587	O43502	1	0	0	1	0	0	1	1	0	1	PF00634
rs80358668	P51587	Q14565	1	0	0	1	0	0	1	1	0	1	PF00634
rs80358668	P51587	Q06609	1	0	0	1	0	0	1	1	0	1	PF00634
rs80358668	P51587	O43542	1	0	0	1	0	0	1	1	0	1	PF00634
rs786202204	P51587	P51587	1	1	0	0	0	0	1	1	0	1	PF09121
rs80359023	P51587	P51587	1	1	1	1	1	1	1	0	1	1	PF09169
rs80359023	P51587	P60896	1	1	1	1	1	1	1	0	1	1	PF09169
rs398122589	P51587	P51587	1	1	1	1	1	1	1	0	1	1	PF09169
rs398122589	P51587	P60896	1	1	1	1	1	1	1	0	1	1	PF09169
rs587776476	P51587	P51587	0	0	0	0	0	0	1	0	0	0	PF09104
rs80359172	P51587	P51587	1	1	1	1	1	1	1	1	1	1	PF09104
rs80358555	P51587	O43502	1	1	1	1	1	1	1	0	1	1	PF00634
rs80358555	P51587	Q14565	1	1	1	1	1	1	1	0	1	1	PF00634
rs80358555	P51587	Q06609	1	1	1	1	1	1	1	0	1	1	PF00634
rs80358555	P51587	O43542	1	1	1	1	1	1	1	0	1	1	PF00634
rs41293513	P51587	P51587	1	1	1	1	1	1	1	1	1	1	PF09103
rs41293513	P51587	P60896	1	1	1	1	1	1	1	1	1	1	PF09103
rs80359083	P51587	P51587	1	1	1	1	1	1	1	0	1	1	PF09103
rs80359083	P51587	P60896	1	1	1	1	1	1	1	0	1	1	PF09103
rs80358857	P51587	O43502	1	1	1	1	1	1	1	0	1	1	PF00634
rs80358857	P51587	Q14565	1	1	1	1	1	1	1	0	1	1	PF00634
rs80358857	P51587	Q06609	1	1	1	1	1	1	1	0	1	1	PF00634
rs80358857	P51587	O43542	1	1	1	1	1	1	1	0	1	1	PF00634
rs398122768	P51587	O43502	1	1	0	0	0	0	1	1	0	1	PF00634
rs398122768	P51587	Q14565	1	1	0	0	0	0	1	1	0	1	PF00634
rs398122768	P51587	Q06609	1	1	0	0	0	0	1	1	0	1	PF00634
rs398122768	P51587	O43542	1	1	0	0	0	0	1	1	0	1	PF00634
rs151118936	P51587	P51587	1	0	1	1	1	1	1	0	1	1	PF09169
rs151118936	P51587	P60896	1	0	1	1	1	1	1	0	1	1	PF09169
rs753721331	P51587	O43502	1	1	0	0	1	1	1	1	1	1	PF00634
rs753721331	P51587	Q14565	1	1	0	0	1	1	1	1	1	1	PF00634
rs753721331	P51587	Q06609	1	1	0	0	1	1	1	1	1	1	PF00634
rs753721331	P51587	O43542	1	1	0	0	1	1	1	1	1	1	PF00634
rs80359044	P51587	P51587	1	1	1	1	1	1	1	0	1	1	PF09103
rs80359044	P51587	P60896	1	1	1	1	1	1	1	0	1	1	PF09103
rs771981392	P51587	P51587	1	1	1	1	0	0	1	1	1	1	PF09169
rs771981392	P51587	P60896	1	1	1	1	0	0	1	1	1	1	PF09169
rs398122615	P51587	P51587	0	0	0	0	0	0	1	0	0	0	PF09104
rs587781534	P51587	O43502	1	1	0	1	1	1	1	1	1	1	PF00634
rs587781534	P51587	Q14565	1	1	0	1	1	1	1	1	1	1	PF00634
rs587781534	P51587	Q06609	1	1	0	1	1	1	1	1	1	1	PF00634
rs587781534	P51587	O43542	1	1	0	1	1	1	1	1	1	1	PF00634
rs56317927	P51587	O43502	1	0	0	0	0	0	1	0	0	0	PF00634
rs56317927	P51587	Q14565	1	0	0	0	0	0	1	0	0	0	PF00634
rs56317927	P51587	Q06609	1	0	0	0	0	0	1	0	0	0	PF00634
rs56317927	P51587	O43542	1	0	0	0	0	0	1	0	0	0	PF00634
rs587782191	P51587	P51587	0	0	0	0	0	0	1	0	0	0	PF09169
rs587782191	P51587	P60896	0	0	0	0	0	0	1	0	0	0	PF09169
rs80359186	P51587	P51587	1	1	1	1	1	1	1	1	1	1	PF09104
rs398122781	P51587	O43502	1	1	0	0	0	0	1	0	0	0	PF00634
rs398122781	P51587	Q14565	1	1	0	0	0	0	1	0	0	0	PF00634
rs398122781	P51587	Q06609	1	1	0	0	0	0	1	0	0	0	PF00634
rs398122781	P51587	O43542	1	1	0	0	0	0	1	0	0	0	PF00634
rs55689095	P51587	P51587	1	1	1	1	1	1	1	0	1	1	PF09169
rs55689095	P51587	P60896	1	1	1	1	1	1	1	0	1	1	PF09169
rs80359204	P51587	P51587	0	0	1	1	1	1	1	0	1	1	PF09104
rs864622624	P51587	P51587	1	0	1	1	1	1	1	1	1	1	PF09169
rs864622624	P51587	P60896	1	0	1	1	1	1	1	1	1	1	PF09169
rs56386506	P51587	O43502	1	1	1	1	1	1	1	0	1	1	PF00634
rs56386506	P51587	Q14565	1	1	1	1	1	1	1	0	1	1	PF00634
rs56386506	P51587	Q06609	1	1	1	1	1	1	1	0	1	1	PF00634
rs56386506	P51587	O43542	1	1	1	1	1	1	1	0	1	1	PF00634
rs397507425	P51587	P51587	1	1	0	0	0	0	1	1	0	1	PF09104
rs769883812	P51587	O43502	1	1	1	1	1	1	1	0	1	1	PF00634
rs769883812	P51587	Q14565	1	1	1	1	1	1	1	0	1	1	PF00634
rs769883812	P51587	Q06609	1	1	1	1	1	1	1	0	1	1	PF00634
rs769883812	P51587	O43542	1	1	1	1	1	1	1	0	1	1	PF00634
rs80358610	P51587	O43502	1	1	1	1	1	1	1	0	1	1	PF00634
rs80358610	P51587	Q14565	1	1	1	1	1	1	1	0	1	1	PF00634
rs80358610	P51587	Q06609	1	1	1	1	1	1	1	0	1	1	PF00634
rs80358610	P51587	O43542	1	1	1	1	1	1	1	0	1	1	PF00634
rs80358995	P51587	P51587	1	1	1	1	1	1	1	0	1	1	PF09169
rs80358995	P51587	P60896	1	1	1	1	1	1	1	0	1	1	PF09169
rs80359224	P51587	P51587	1	1	0	0	0	0	1	1	0	1	PF09104
rs397507960	P51587	P51587	1	0	1	1	1	1	1	0	1	1	PF09103
rs397507960	P51587	P60896	1	0	1	1	1	1	1	0	1	1	PF09103
rs760071561	P51587	O43502	0	1	0	0	0	0	1	0	0	0	PF00634
rs760071561	P51587	Q14565	0	1	0	0	0	0	1	0	0	0	PF00634
rs760071561	P51587	Q06609	0	1	0	0	0	0	1	0	0	0	PF00634
rs760071561	P51587	O43542	0	1	0	0	0	0	1	0	0	0	PF00634
rs80359225	P51587	P51587	1	1	0	1	0	0	1	0	0	0	PF09104
rs398122780	P51587	O43502	1	1	0	0	0	0	1	1	0	1	PF00634
rs398122780	P51587	Q14565	1	1	0	0	0	0	1	1	0	1	PF00634
rs398122780	P51587	Q06609	1	1	0	0	0	0	1	1	0	1	PF00634
rs398122780	P51587	O43542	1	1	0	0	0	0	1	1	0	1	PF00634
rs587782860	P51587	P51587	1	0	0	0	0	0	1	0	0	0	PF09121
rs752351454	P51587	P51587	1	1	1	1	1	1	1	1	1	1	PF09169
rs752351454	P51587	P60896	1	1	1	1	1	1	1	1	1	1	PF09169
rs587782661	P51587	O43502	1	0	0	0	0	0	1	0	0	0	PF00634
rs587782661	P51587	Q14565	1	0	0	0	0	0	1	0	0	0	PF00634
rs587782661	P51587	Q06609	1	0	0	0	0	0	1	0	0	0	PF00634
rs587782661	P51587	O43542	1	0	0	0	0	0	1	0	0	0	PF00634
rs41293521	P51587	P51587	1	0	0	0	0	0	1	1	0	1	PF09104
rs587782313	P51587	P51587	1	1	1	1	1	1	1	0	1	1	PF09104
rs28897747	P51587	P51587	1	1	0	0	0	0	1	0	0	0	PF09103
rs28897747	P51587	P60896	1	1	0	0	0	0	1	0	0	0	PF09103
rs397507431	P51587	P51587	1	1	1	1	1	1	1	0	1	1	PF09104
rs80359213	P51587	P51587	1	1	1	1	0	0	1	1	1	1	PF09104
rs748143090	P51587	P51587	1	1	0	0	0	0	1	0	0	0	PF09121
rs28897759	P51587	P51587	1	1	1	1	1	1	1	0	1	1	PF09104
rs767378196	P51587	O43502	1	1	0	0	0	0	1	0	0	0	PF00634
rs767378196	P51587	Q14565	1	1	0	0	0	0	1	0	0	0	PF00634
rs767378196	P51587	Q06609	1	1	0	0	0	0	1	0	0	0	PF00634
rs767378196	P51587	O43542	1	1	0	0	0	0	1	0	0	0	PF00634
rs397507729	P51587	O43502	1	0	1	1	1	1	1	0	1	1	PF00634
rs397507729	P51587	Q14565	1	0	1	1	1	1	1	0	1	1	PF00634
rs397507729	P51587	Q06609	1	0	1	1	1	1	1	0	1	1	PF00634
rs397507729	P51587	O43542	1	0	1	1	1	1	1	0	1	1	PF00634
rs587782763	P51587	P51587	1	0	0	0	0	0	1	0	0	0	PF09103
rs587782763	P51587	P60896	1	0	0	0	0	0	1	0	0	0	PF09103
rs80359082	P51587	P51587	1	1	1	1	1	1	1	0	1	1	PF09103
rs80359082	P51587	P60896	1	1	1	1	1	1	1	0	1	1	PF09103
rs587782694	P51587	O43502	1	1	0	0	0	0	1	0	0	0	PF00634
rs587782694	P51587	Q14565	1	1	0	0	0	0	1	0	0	0	PF00634
rs587782694	P51587	Q06609	1	1	0	0	0	0	1	0	0	0	PF00634
rs587782694	P51587	O43542	1	1	0	0	0	0	1	0	0	0	PF00634
rs398122591	P51587	P51587	1	1	1	1	1	1	1	0	1	1	PF09169
rs398122591	P51587	P60896	1	1	1	1	1	1	1	0	1	1	PF09169
rs587782568	P51587	P51587	1	1	0	0	0	0	1	0	0	0	PF09104
rs760139297	P51587	P51587	1	1	0	0	0	0	1	1	0	1	PF09103
rs760139297	P51587	P60896	1	1	0	0	0	0	1	1	0	1	PF09103
rs431825357	P51587	P51587	1	1	1	1	1	1	1	0	1	1	PF09169
rs431825357	P51587	P60896	1	1	1	1	1	1	1	0	1	1	PF09169
rs80359218	P51587	P51587	1	0	0	1	1	1	1	0	1	1	PF09104
rs398122534	P51587	O43502	1	1	0	0	1	1	1	0	1	1	PF00634
rs398122534	P51587	Q14565	1	1	0	0	1	1	1	0	1	1	PF00634
rs398122534	P51587	Q06609	1	1	0	0	1	1	1	0	1	1	PF00634
rs398122534	P51587	O43542	1	1	0	0	1	1	1	0	1	1	PF00634
rs80359054	P51587	P51587	1	1	0	0	0	0	1	0	0	0	PF09103
rs80359054	P51587	P60896	1	1	0	0	0	0	1	0	0	0	PF09103
rs764527357	P51587	O43502	1	1	0	0	0	0	1	0	0	0	PF00634
rs764527357	P51587	Q14565	1	1	0	0	0	0	1	0	0	0	PF00634
rs764527357	P51587	Q06609	1	1	0	0	0	0	1	0	0	0	PF00634
rs764527357	P51587	O43542	1	1	0	0	0	0	1	0	0	0	PF00634
rs778391123	P51587	P51587	0	0	1	1	1	1	1	0	1	1	PF09169
rs778391123	P51587	P60896	0	0	1	1	1	1	1	0	1	1	PF09169
rs80358974	P51587	P51587	1	1	1	1	1	1	1	1	1	1	PF09169
rs80358974	P51587	P60896	1	1	1	1	1	1	1	1	1	1	PF09169
rs775219538	P51587	P51587	1	1	1	1	1	1	1	0	1	1	PF09169
rs775219538	P51587	P60896	1	1	1	1	1	1	1	0	1	1	PF09169
rs80359024	P51587	P51587	1	0	1	1	1	1	1	0	1	1	PF09169
rs80359024	P51587	P60896	1	0	1	1	1	1	1	0	1	1	PF09169
rs745758977	P51587	P51587	0	0	1	1	0	0	1	0	1	1	PF09104
rs144728108	P51587	P51587	1	0	0	0	1	1	1	0	1	1	PF09169
rs144728108	P51587	P60896	1	0	0	0	1	1	1	0	1	1	PF09169
rs80359005	P51587	P51587	1	1	1	1	1	1	1	1	1	1	PF09169
rs80359005	P51587	P60896	1	1	1	1	1	1	1	1	1	1	PF09169
rs771203198	P51587	P51587	1	1	1	1	1	1	1	1	1	1	PF09104
rs786201871	P51587	P51587	0	0	1	1	1	1	1	0	1	1	PF09121
rs746036918	P51587	P51587	1	0	0	1	1	1	1	0	1	1	PF09104
rs80359203	P51587	P51587	0	0	0	0	0	0	1	0	0	0	PF09104
rs80359014	P51587	P51587	1	1	1	1	1	1	1	1	1	1	PF09169
rs80359014	P51587	P60896	1	1	1	1	1	1	1	1	1	1	PF09169
rs80359062	P51587	P51587	1	1	1	1	1	1	1	0	1	1	PF09103
rs80359062	P51587	P60896	1	1	1	1	1	1	1	0	1	1	PF09103
rs397507401	P51587	P51587	1	1	1	1	1	1	1	1	1	1	PF09103
rs397507401	P51587	P60896	1	1	1	1	1	1	1	1	1	1	PF09103
rs587781536	P51587	O43502	1	0	0	0	1	1	1	1	1	1	PF00634
rs587781536	P51587	Q14565	1	0	0	0	1	1	1	1	1	1	PF00634
rs587781536	P51587	Q06609	1	0	0	0	1	1	1	1	1	1	PF00634
rs587781536	P51587	O43542	1	0	0	0	1	1	1	1	1	1	PF00634
rs587783043	P51587	O43502	0	0	1	1	1	1	1	0	1	1	PF00634
rs587783043	P51587	Q14565	0	0	1	1	1	1	1	0	1	1	PF00634
rs587783043	P51587	Q06609	0	0	1	1	1	1	1	0	1	1	PF00634
rs587783043	P51587	O43542	0	0	1	1	1	1	1	0	1	1	PF00634
rs747073940	P51587	P51587	1	1	1	1	1	1	1	0	1	1	PF09104
rs756105620	P51587	P51587	1	1	0	0	0	0	1	0	0	0	PF09103
rs756105620	P51587	P60896	1	1	0	0	0	0	1	0	0	0	PF09103
rs80358978	P51587	P51587	1	1	1	1	1	1	1	0	1	1	PF09169
rs80358978	P51587	P60896	1	1	1	1	1	1	1	0	1	1	PF09169
rs781087576	P51587	P51587	1	1	1	1	1	1	1	0	1	1	PF09103
rs781087576	P51587	P60896	1	1	1	1	1	1	1	0	1	1	PF09103
rs768560674	P51587	P51587	0	0	0	1	0	0	1	0	0	0	PF09121
rs397507312	P51587	O43502	1	0	0	1	0	0	1	1	0	1	PF00634
rs397507312	P51587	Q14565	1	0	0	1	0	0	1	1	0	1	PF00634
rs397507312	P51587	Q06609	1	0	0	1	0	0	1	1	0	1	PF00634
rs397507312	P51587	O43542	1	0	0	1	0	0	1	1	0	1	PF00634
rs587781943	P51587	P51587	1	1	0	1	1	1	1	0	1	1	PF09169
rs587781943	P51587	P60896	1	1	0	1	1	1	1	0	1	1	PF09169
rs587782619	P51587	P51587	1	1	1	1	1	1	1	1	1	1	PF09103
rs587782619	P51587	P60896	1	1	1	1	1	1	1	1	1	1	PF09103
rs757206472	P51587	P51587	1	1	1	1	1	1	1	0	1	1	PF09103
rs757206472	P51587	P60896	1	1	1	1	1	1	1	0	1	1	PF09103
rs80359045	P51587	P51587	1	1	1	1	1	1	1	0	1	1	PF09103
rs80359045	P51587	P60896	1	1	1	1	1	1	1	0	1	1	PF09103
rs80358611	P51587	O43502	1	1	1	1	1	1	1	0	1	1	PF00634
rs80358611	P51587	Q14565	1	1	1	1	1	1	1	0	1	1	PF00634
rs80358611	P51587	Q06609	1	1	1	1	1	1	1	0	1	1	PF00634
rs80358611	P51587	O43542	1	1	1	1	1	1	1	0	1	1	PF00634
rs80359078	P51587	P51587	1	1	0	1	0	0	1	1	0	1	PF09103
rs80359078	P51587	P60896	1	1	0	1	0	0	1	1	0	1	PF09103
rs80358863	P51587	O43502	1	1	1	1	1	1	1	1	1	1	PF00634
rs80358863	P51587	Q14565	1	1	1	1	1	1	1	1	1	1	PF00634
rs80358863	P51587	Q06609	1	1	1	1	1	1	1	1	1	1	PF00634
rs80358863	P51587	O43542	1	1	1	1	1	1	1	1	1	1	PF00634
rs141196976	P51587	O43502	1	1	0	1	1	1	1	1	1	1	PF00634
rs141196976	P51587	Q14565	1	1	0	1	1	1	1	1	1	1	PF00634
rs141196976	P51587	Q06609	1	1	0	1	1	1	1	1	1	1	PF00634
rs141196976	P51587	O43542	1	1	0	1	1	1	1	1	1	1	PF00634
rs768247528	P51587	P51587	1	1	1	1	1	1	1	0	1	1	PF09103
rs768247528	P51587	P60896	1	1	1	1	1	1	1	0	1	1	PF09103
rs747993489	P51587	O43502	1	0	0	0	0	0	1	0	0	0	PF00634
rs747993489	P51587	Q14565	1	0	0	0	0	0	1	0	0	0	PF00634
rs747993489	P51587	Q06609	1	0	0	0	0	0	1	0	0	0	PF00634
rs747993489	P51587	O43542	1	0	0	0	0	0	1	0	0	0	PF00634
rs397507714	P51587	O43502	1	1	1	1	1	1	1	1	1	1	PF00634
rs397507714	P51587	Q14565	1	1	1	1	1	1	1	1	1	1	PF00634
rs397507714	P51587	Q06609	1	1	1	1	1	1	1	1	1	1	PF00634
rs397507714	P51587	O43542	1	1	1	1	1	1	1	1	1	1	PF00634
rs764341684	P51587	O43502	1	0	1	1	1	1	1	0	1	1	PF00634
rs764341684	P51587	Q14565	1	0	1	1	1	1	1	0	1	1	PF00634
rs764341684	P51587	Q06609	1	0	1	1	1	1	1	0	1	1	PF00634
rs764341684	P51587	O43542	1	0	1	1	1	1	1	0	1	1	PF00634
rs80358694	P51587	O43502	1	1	0	0	0	0	1	1	0	1	PF00634
rs80358694	P51587	Q14565	1	1	0	0	0	0	1	1	0	1	PF00634
rs80358694	P51587	Q06609	1	1	0	0	0	0	1	1	0	1	PF00634
rs80358694	P51587	O43542	1	1	0	0	0	0	1	1	0	1	PF00634
rs80359010	P51587	P51587	1	1	1	1	1	1	1	1	1	1	PF09169
rs80359010	P51587	P60896	1	1	1	1	1	1	1	1	1	1	PF09169
rs864622552	P51587	P51587	0	0	0	1	1	1	1	0	1	1	PF09169
rs864622552	P51587	P60896	0	0	0	1	1	1	1	0	1	1	PF09169
rs777981245	P51587	O43502	1	1	0	0	0	0	1	0	0	0	PF00634
rs777981245	P51587	Q14565	1	1	0	0	0	0	1	0	0	0	PF00634
rs777981245	P51587	Q06609	1	1	0	0	0	0	1	0	0	0	PF00634
rs777981245	P51587	O43542	1	1	0	0	0	0	1	0	0	0	PF00634
rs398122613	P51587	P51587	1	1	0	1	1	1	1	0	1	1	PF09104
rs786201420	P51587	O43502	1	1	0	0	0	0	1	0	0	0	PF00634
rs786201420	P51587	Q14565	1	1	0	0	0	0	1	0	0	0	PF00634
rs786201420	P51587	Q06609	1	1	0	0	0	0	1	0	0	0	PF00634
rs786201420	P51587	O43542	1	1	0	0	0	0	1	0	0	0	PF00634
rs755783122	P51587	P51587	1	0	1	1	1	1	1	0	1	1	PF09121
rs11571707	P51587	P51587	1	1	0	0	0	0	1	1	0	1	PF09169
rs11571707	P51587	P60896	1	1	0	0	0	0	1	1	0	1	PF09169
rs786203292	P51587	P51587	1	1	0	1	1	1	1	0	1	1	PF09169
rs786203292	P51587	P60896	1	1	0	1	1	1	1	0	1	1	PF09169
rs80358975	P51587	P51587	1	1	1	1	1	1	1	1	1	1	PF09169
rs80358975	P51587	P60896	1	1	1	1	1	1	1	1	1	1	PF09169
rs773442698	P51587	O43502	1	1	0	0	0	0	1	0	0	0	PF00634
rs773442698	P51587	Q14565	1	1	0	0	0	0	1	0	0	0	PF00634
rs773442698	P51587	Q06609	1	1	0	0	0	0	1	0	0	0	PF00634
rs773442698	P51587	O43542	1	1	0	0	0	0	1	0	0	0	PF00634
rs545974734	P51587	O43502	1	1	1	1	1	1	1	1	1	1	PF00634
rs545974734	P51587	Q14565	1	1	1	1	1	1	1	1	1	1	PF00634
rs545974734	P51587	Q06609	1	1	1	1	1	1	1	1	1	1	PF00634
rs545974734	P51587	O43542	1	1	1	1	1	1	1	1	1	1	PF00634
rs398122597	P51587	P51587	1	1	0	0	0	0	1	0	0	0	PF09103
rs398122597	P51587	P60896	1	1	0	0	0	0	1	0	0	0	PF09103
rs80359073	P51587	P51587	1	1	0	1	0	0	1	0	0	0	PF09103
rs80359073	P51587	P60896	1	1	0	1	0	0	1	0	0	0	PF09103
rs773506092	P51587	P51587	1	1	1	1	1	1	1	0	1	1	PF09103
rs773506092	P51587	P60896	1	1	1	1	1	1	1	0	1	1	PF09103
rs748155264	P51587	O43502	1	1	0	0	1	1	1	1	1	1	PF00634
rs748155264	P51587	Q14565	1	1	0	0	1	1	1	1	1	1	PF00634
rs748155264	P51587	Q06609	1	1	0	0	1	1	1	1	1	1	PF00634
rs748155264	P51587	O43542	1	1	0	0	1	1	1	1	1	1	PF00634
rs191744583	P51587	O43502	1	0	1	1	1	1	1	0	1	1	PF00634
rs191744583	P51587	Q14565	1	0	1	1	1	1	1	0	1	1	PF00634
rs191744583	P51587	Q06609	1	0	1	1	1	1	1	0	1	1	PF00634
rs191744583	P51587	O43542	1	0	1	1	1	1	1	0	1	1	PF00634
rs786204184	P51587	P51587	1	1	0	0	0	0	1	1	0	1	PF09104
rs200598289	P51587	P51587	1	0	1	1	1	1	1	0	1	1	PF09104
rs786202874	P51587	O43502	0	0	0	0	0	0	1	0	0	0	PF00634
rs786202874	P51587	Q14565	0	0	0	0	0	0	1	0	0	0	PF00634
rs786202874	P51587	Q06609	0	0	0	0	0	0	1	0	0	0	PF00634
rs786202874	P51587	O43542	0	0	0	0	0	0	1	0	0	0	PF00634
rs45580035	P51587	P51587	1	1	1	1	1	1	1	1	1	1	PF09104
rs747837583	P51587	P51587	1	1	1	1	1	1	1	0	1	1	PF09104
rs398122611	P51587	P51587	1	1	1	1	1	1	1	0	1	1	PF09104
rs778282885	P51587	O43502	0	0	0	0	0	0	1	0	0	0	PF00634
rs778282885	P51587	Q14565	0	0	0	0	0	0	1	0	0	0	PF00634
rs778282885	P51587	Q06609	0	0	0	0	0	0	1	0	0	0	PF00634
rs778282885	P51587	O43542	0	0	0	0	0	0	1	0	0	0	PF00634
rs397507427	P51587	P51587	1	0	0	0	0	0	1	1	0	1	PF09104
rs80359033	P51587	P51587	1	1	1	1	1	1	1	1	1	1	PF09169
rs80359033	P51587	P60896	1	1	1	1	1	1	1	1	1	1	PF09169
rs56087561	P51587	O43502	1	1	0	1	1	1	1	1	1	1	PF00634
rs56087561	P51587	Q14565	1	1	0	1	1	1	1	1	1	1	PF00634
rs56087561	P51587	Q06609	1	1	0	1	1	1	1	1	1	1	PF00634
rs56087561	P51587	O43542	1	1	0	1	1	1	1	1	1	1	PF00634
rs786202034	P51587	P51587	1	1	1	1	1	1	1	1	1	1	PF09103
rs786202034	P51587	P60896	1	1	1	1	1	1	1	1	1	1	PF09103
rs28897739	P51587	O43502	0	0	0	0	1	1	1	0	1	1	PF00634
rs28897739	P51587	Q14565	0	0	0	0	1	1	1	0	1	1	PF00634
rs28897739	P51587	Q06609	0	0	0	0	1	1	1	0	1	1	PF00634
rs28897739	P51587	O43542	0	0	0	0	1	1	1	0	1	1	PF00634
rs374625452	P51587	P51587	1	1	1	1	1	1	1	0	1	1	PF09103
rs374625452	P51587	P60896	1	1	1	1	1	1	1	0	1	1	PF09103
rs587776471	P51587	P51587	0	0	0	0	0	0	1	0	0	0	PF09103
rs587776471	P51587	P60896	0	0	0	0	0	0	1	0	0	0	PF09103
rs11571747	P51587	P51587	1	1	1	1	1	1	1	0	1	1	PF09121
rs786204239	P51587	O43502	1	0	0	0	1	1	1	1	1	1	PF00634
rs786204239	P51587	Q14565	1	0	0	0	1	1	1	1	1	1	PF00634
rs786204239	P51587	Q06609	1	0	0	0	1	1	1	1	1	1	PF00634
rs786204239	P51587	O43542	1	0	0	0	1	1	1	1	1	1	PF00634
rs397507392	P51587	P51587	1	0	0	0	0	0	1	0	0	0	PF09169
rs397507392	P51587	P60896	1	0	0	0	0	0	1	0	0	0	PF09169
rs587782091	P51587	P51587	1	1	0	1	0	0	1	0	0	0	PF09104
rs80359072	P51587	P51587	1	1	1	1	1	1	1	1	1	1	PF09103
rs80359072	P51587	P60896	1	1	1	1	1	1	1	1	1	1	PF09103
rs186224762	P51587	P51587	1	0	1	1	1	1	1	0	1	1	PF09103
rs186224762	P51587	P60896	1	0	1	1	1	1	1	0	1	1	PF09103
rs55638633	P51587	O43502	0	0	0	0	0	0	1	0	0	0	PF00634
rs55638633	P51587	Q14565	0	0	0	0	0	0	1	0	0	0	PF00634
rs55638633	P51587	Q06609	0	0	0	0	0	0	1	0	0	0	PF00634
rs55638633	P51587	O43542	0	0	0	0	0	0	1	0	0	0	PF00634
rs80359007	P51587	P51587	1	0	0	1	1	1	1	0	1	1	PF09169
rs80359007	P51587	P60896	1	0	0	1	1	1	1	0	1	1	PF09169
rs376460800	P51587	P51587	1	1	1	1	1	1	1	0	1	1	PF09169
rs376460800	P51587	P60896	1	1	1	1	1	1	1	0	1	1	PF09169
rs730881560	P51587	P51587	1	1	1	1	1	1	1	0	1	1	PF09169
rs730881560	P51587	P60896	1	1	1	1	1	1	1	0	1	1	PF09169
rs587781434	P51587	P51587	1	1	1	1	1	1	1	0	1	1	PF09104
rs375304428	P51587	O43502	1	1	1	1	1	1	1	1	1	1	PF00634
rs375304428	P51587	Q14565	1	1	1	1	1	1	1	1	1	1	PF00634
rs375304428	P51587	Q06609	1	1	1	1	1	1	1	1	1	1	PF00634
rs375304428	P51587	O43542	1	1	1	1	1	1	1	1	1	1	PF00634
rs80359021	P51587	P51587	1	1	1	1	1	1	1	0	1	1	PF09169
rs80359021	P51587	P60896	1	1	1	1	1	1	1	0	1	1	PF09169
rs397507313	P51587	O43502	1	1	1	1	1	1	1	0	1	1	PF00634
rs397507313	P51587	Q14565	1	1	1	1	1	1	1	0	1	1	PF00634
rs397507313	P51587	Q06609	1	1	1	1	1	1	1	0	1	1	PF00634
rs397507313	P51587	O43542	1	1	1	1	1	1	1	0	1	1	PF00634
rs80359110	P51587	P51587	1	0	1	1	1	1	1	0	1	1	PF09121
rs397507390	P51587	P51587	0	0	1	1	1	1	1	0	1	1	PF09169
rs397507390	P51587	P60896	0	0	1	1	1	1	1	0	1	1	PF09169
rs397507426	P51587	P51587	1	0	1	1	1	1	1	0	1	1	PF09104
rs80358973	P51587	P51587	1	0	1	1	1	1	1	1	1	1	PF09169
rs80358973	P51587	P60896	1	0	1	1	1	1	1	1	1	1	PF09169
rs587781893	P51587	P51587	1	0	1	1	1	1	1	0	1	1	PF09121
rs397507391	P51587	P51587	0	0	1	1	0	0	1	0	1	1	PF09169
rs397507391	P51587	P60896	0	0	1	1	0	0	1	0	1	1	PF09169
rs587782599	P51587	P51587	0	0	0	1	0	0	1	0	0	0	PF09104
rs764761862	P51587	P51587	1	0	0	0	1	1	1	0	1	1	PF09169
rs764761862	P51587	P60896	1	0	0	0	1	1	1	0	1	1	PF09169
rs80358612	P51587	O43502	1	1	0	1	1	1	1	1	1	1	PF00634
rs80358612	P51587	Q14565	1	1	0	1	1	1	1	1	1	1	PF00634
rs80358612	P51587	Q06609	1	1	0	1	1	1	1	1	1	1	PF00634
rs80358612	P51587	O43542	1	1	0	1	1	1	1	1	1	1	PF00634
rs142899125	P51587	P51587	1	0	1	1	1	1	1	0	1	1	PF09169
rs142899125	P51587	P60896	1	0	1	1	1	1	1	0	1	1	PF09169
rs786203357	P51587	P51587	1	1	0	1	1	1	1	0	1	1	PF09103
rs786203357	P51587	P60896	1	1	0	1	1	1	1	0	1	1	PF09103
rs755002206	P51587	P51587	1	1	0	0	0	0	1	1	0	1	PF09169
rs755002206	P51587	P60896	1	1	0	0	0	0	1	1	0	1	PF09169
rs80359189	P51587	P51587	1	1	1	1	1	1	1	0	1	1	PF09104
rs571800995	P51587	P51587	1	1	1	1	1	1	1	0	1	1	PF09169
rs571800995	P51587	P60896	1	1	1	1	1	1	1	0	1	1	PF09169
rs143806921	P51587	O43502	1	0	0	0	0	0	1	0	0	0	PF00634
rs143806921	P51587	Q14565	1	0	0	0	0	0	1	0	0	0	PF00634
rs143806921	P51587	Q06609	1	0	0	0	0	0	1	0	0	0	PF00634
rs143806921	P51587	O43542	1	0	0	0	0	0	1	0	0	0	PF00634
rs730881564	P51587	P51587	1	1	1	1	1	1	1	1	1	1	PF09103
rs730881564	P51587	P60896	1	1	1	1	1	1	1	1	1	1	PF09103
rs574271678	P51587	P51587	0	1	1	1	1	1	1	0	1	1	PF09104
rs774522471	P51587	O43502	1	1	0	1	1	1	1	0	1	1	PF00634
rs774522471	P51587	Q14565	1	1	0	1	1	1	1	0	1	1	PF00634
rs774522471	P51587	Q06609	1	1	0	1	1	1	1	0	1	1	PF00634
rs774522471	P51587	O43542	1	1	0	1	1	1	1	0	1	1	PF00634
rs759851035	P51587	P51587	1	0	0	1	1	1	1	1	1	1	PF09104
rs80359187	P51587	P51587	1	1	1	1	1	1	1	0	1	1	PF09104
rs786203756	P51587	O43502	1	0	0	0	0	0	1	1	0	1	PF00634
rs786203756	P51587	Q14565	1	0	0	0	0	0	1	1	0	1	PF00634
rs786203756	P51587	Q06609	1	0	0	0	0	0	1	1	0	1	PF00634
rs786203756	P51587	O43542	1	0	0	0	0	0	1	1	0	1	PF00634
rs431825362	P51587	P51587	1	1	0	0	1	1	1	0	1	1	PF09169
rs431825362	P51587	P60896	1	1	0	0	1	1	1	0	1	1	PF09169
rs777505242	P51587	O43502	1	0	1	1	1	1	1	0	1	1	PF00634
rs777505242	P51587	Q14565	1	0	1	1	1	1	1	0	1	1	PF00634
rs777505242	P51587	Q06609	1	0	1	1	1	1	1	0	1	1	PF00634
rs777505242	P51587	O43542	1	0	1	1	1	1	1	0	1	1	PF00634
rs758884639	P51587	P51587	1	0	1	1	1	1	1	1	1	1	PF09121
rs587780663	P51587	P51587	1	1	1	1	1	1	1	0	1	1	PF09121
rs745700206	P51587	O43502	1	1	1	1	0	0	1	0	1	1	PF00634
rs745700206	P51587	Q14565	1	1	1	1	0	0	1	0	1	1	PF00634
rs745700206	P51587	Q06609	1	1	1	1	0	0	1	0	1	1	PF00634
rs745700206	P51587	O43542	1	1	1	1	0	0	1	0	1	1	PF00634
rs80359202	P51587	P51587	0	0	1	1	0	0	1	0	1	1	PF09104
rs398122585	P51587	P51587	1	1	0	1	0	0	1	0	0	0	PF09169
rs398122585	P51587	P60896	1	1	0	1	0	0	1	0	0	0	PF09169
rs587780661	P51587	P51587	0	0	1	1	1	1	1	0	1	1	PF09169
rs587780661	P51587	P60896	0	0	1	1	1	1	1	0	1	1	PF09169
rs80359031	P51587	P51587	1	1	1	1	1	1	1	0	1	1	PF09169
rs80359031	P51587	P60896	1	1	1	1	1	1	1	0	1	1	PF09169
rs80358729	P51587	O43502	1	0	0	0	0	0	1	0	0	0	PF00634
rs80358729	P51587	Q14565	1	0	0	0	0	0	1	0	0	0	PF00634
rs80358729	P51587	Q06609	1	0	0	0	0	0	1	0	0	0	PF00634
rs80358729	P51587	O43542	1	0	0	0	0	0	1	0	0	0	PF00634
rs11571746	P51587	P51587	1	1	0	0	0	0	1	0	0	0	PF09121
rs80359221	P51587	P51587	1	0	0	0	0	0	1	0	0	0	PF09104
rs55716624	P51587	P51587	1	1	0	0	0	0	1	1	0	1	PF09169
rs55716624	P51587	P60896	1	1	0	0	0	0	1	1	0	1	PF09169
rs748591104	P51587	O43502	1	1	0	0	0	0	1	0	0	0	PF00634
rs748591104	P51587	Q14565	1	1	0	0	0	0	1	0	0	0	PF00634
rs748591104	P51587	Q06609	1	1	0	0	0	0	1	0	0	0	PF00634
rs748591104	P51587	O43542	1	1	0	0	0	0	1	0	0	0	PF00634
rs587781485	P51587	P51587	1	1	1	1	1	1	1	0	1	1	PF09169
rs587781485	P51587	P60896	1	1	1	1	1	1	1	0	1	1	PF09169
rs80359077	P51587	P51587	0	1	1	1	1	1	1	0	1	1	PF09103
rs80359077	P51587	P60896	0	1	1	1	1	1	1	0	1	1	PF09103
rs760189451	P51587	P51587	1	0	1	1	0	0	1	1	1	1	PF09104
rs80359069	P51587	P51587	1	1	0	0	1	1	1	0	1	1	PF09103
rs80359069	P51587	P60896	1	1	0	0	1	1	1	0	1	1	PF09103
rs80359109	P51587	P51587	1	0	0	1	1	1	1	1	1	1	PF09121
rs398122588	P51587	P51587	1	0	1	1	1	1	1	0	1	1	PF09169
rs398122588	P51587	P60896	1	0	1	1	1	1	1	0	1	1	PF09169
rs34309943	P51587	O43502	1	0	0	0	0	0	1	1	0	1	PF00634
rs34309943	P51587	Q14565	1	0	0	0	0	0	1	1	0	1	PF00634
rs34309943	P51587	Q06609	1	0	0	0	0	0	1	1	0	1	PF00634
rs34309943	P51587	O43542	1	0	0	0	0	0	1	1	0	1	PF00634
rs80358984	P51587	P51587	1	1	1	1	1	1	1	1	1	1	PF09169
rs80358984	P51587	P60896	1	1	1	1	1	1	1	1	1	1	PF09169
rs80358781	P51587	O43502	1	1	1	1	1	1	1	1	1	1	PF00634
rs80358781	P51587	Q14565	1	1	1	1	1	1	1	1	1	1	PF00634
rs80358781	P51587	Q06609	1	1	1	1	1	1	1	1	1	1	PF00634
rs80358781	P51587	O43542	1	1	1	1	1	1	1	1	1	1	PF00634
rs377123889	P51587	P51587	0	0	0	0	0	0	1	0	0	0	PF09104
rs80359002	P51587	P51587	1	1	1	1	1	1	1	0	1	1	PF09169
rs80359002	P51587	P60896	1	1	1	1	1	1	1	0	1	1	PF09169
rs545454796	P51587	P51587	1	1	1	1	1	1	1	1	1	1	PF09169
rs545454796	P51587	P60896	1	1	1	1	1	1	1	1	1	1	PF09169
rs80358987	P51587	P51587	1	1	1	1	1	1	1	0	1	1	PF09169
rs80358987	P51587	P60896	1	1	1	1	1	1	1	0	1	1	PF09169
rs730881531	P51587	O43502	1	1	0	0	0	0	1	0	0	0	PF00634
rs730881531	P51587	Q14565	1	1	0	0	0	0	1	0	0	0	PF00634
rs730881531	P51587	Q06609	1	1	0	0	0	0	1	0	0	0	PF00634
rs730881531	P51587	O43542	1	1	0	0	0	0	1	0	0	0	PF00634
rs80359219	P51587	P51587	1	1	0	0	1	1	1	0	1	1	PF09104
rs747191784	P51587	O43502	1	0	0	0	0	0	1	0	0	0	PF00634
rs747191784	P51587	Q14565	1	0	0	0	0	0	1	0	0	0	PF00634
rs747191784	P51587	Q06609	1	0	0	0	0	0	1	0	0	0	PF00634
rs747191784	P51587	O43542	1	0	0	0	0	0	1	0	0	0	PF00634
rs779878000	P51587	O43502	1	1	0	0	0	0	1	0	0	0	PF00634
rs779878000	P51587	Q14565	1	1	0	0	0	0	1	0	0	0	PF00634
rs779878000	P51587	Q06609	1	1	0	0	0	0	1	0	0	0	PF00634
rs779878000	P51587	O43542	1	1	0	0	0	0	1	0	0	0	PF00634
rs397507394	P51587	P51587	1	1	0	1	1	1	1	1	1	1	PF09169
rs397507394	P51587	P60896	1	1	0	1	1	1	1	1	1	1	PF09169
rs769535925	P51587	O43502	1	1	1	1	1	1	1	1	1	1	PF00634
rs769535925	P51587	Q14565	1	1	1	1	1	1	1	1	1	1	PF00634
rs769535925	P51587	Q06609	1	1	1	1	1	1	1	1	1	1	PF00634
rs769535925	P51587	O43542	1	1	1	1	1	1	1	1	1	1	PF00634
rs80359052	P51587	P51587	1	1	0	0	0	0	1	0	0	0	PF09103
rs80359052	P51587	P60896	1	1	0	0	0	0	1	0	0	0	PF09103
rs80358860	P51587	O43502	1	1	1	1	1	1	1	0	1	1	PF00634
rs80358860	P51587	Q14565	1	1	1	1	1	1	1	0	1	1	PF00634
rs80358860	P51587	Q06609	1	1	1	1	1	1	1	0	1	1	PF00634
rs80358860	P51587	O43542	1	1	1	1	1	1	1	0	1	1	PF00634
rs80358990	P51587	P51587	0	0	0	0	0	0	1	0	0	0	PF09169
rs80358990	P51587	P60896	0	0	0	0	0	0	1	0	0	0	PF09169
rs483352930	P51587	O43502	1	1	0	0	0	0	1	0	0	0	PF00634
rs483352930	P51587	Q14565	1	1	0	0	0	0	1	0	0	0	PF00634
rs483352930	P51587	Q06609	1	1	0	0	0	0	1	0	0	0	PF00634
rs483352930	P51587	O43542	1	1	0	0	0	0	1	0	0	0	PF00634
rs28897758	P51587	P51587	1	1	1	1	1	1	1	0	1	1	PF09104
rs778060629	P51587	P51587	0	0	1	1	1	1	1	0	1	1	PF09169
rs778060629	P51587	P60896	0	0	1	1	1	1	1	0	1	1	PF09169
rs749770064	P51587	P51587	1	0	1	1	1	1	1	0	1	1	PF09103
rs749770064	P51587	P60896	1	0	1	1	1	1	1	0	1	1	PF09103
rs80359103	P51587	P51587	0	0	0	0	0	0	1	0	0	0	PF09121
rs56335340	P51587	P51587	1	0	1	1	1	1	1	0	1	1	PF09169
rs56335340	P51587	P60896	1	0	1	1	1	1	1	0	1	1	PF09169
rs80359193	P51587	P51587	1	1	0	0	1	1	1	0	1	1	PF09104
rs587782723	P51587	O43502	1	0	0	1	1	1	1	0	1	1	PF00634
rs587782723	P51587	Q14565	1	0	0	1	1	1	1	0	1	1	PF00634
rs587782723	P51587	Q06609	1	0	0	1	1	1	1	0	1	1	PF00634
rs587782723	P51587	O43542	1	0	0	1	1	1	1	0	1	1	PF00634
rs587782855	P51587	O43502	0	0	0	0	0	0	1	0	0	0	PF00634
rs587782855	P51587	Q14565	0	0	0	0	0	0	1	0	0	0	PF00634
rs587782855	P51587	Q06609	0	0	0	0	0	0	1	0	0	0	PF00634
rs587782855	P51587	O43542	0	0	0	0	0	0	1	0	0	0	PF00634
rs765839296	P51587	P51587	0	1	1	1	1	1	1	0	1	1	PF09169
rs765839296	P51587	P60896	0	1	1	1	1	1	1	0	1	1	PF09169
rs753837544	P51587	P51587	1	0	0	0	0	0	1	0	0	0	PF09103
rs753837544	P51587	P60896	1	0	0	0	0	0	1	0	0	0	PF09103
rs779086813	P51587	P51587	1	1	1	1	1	1	1	1	1	1	PF09103
rs779086813	P51587	P60896	1	1	1	1	1	1	1	1	1	1	PF09103
rs397507388	P51587	P51587	1	1	1	1	1	1	1	1	1	1	PF09169
rs397507388	P51587	P60896	1	1	1	1	1	1	1	1	1	1	PF09169
rs786202719	P51587	P51587	1	0	0	1	1	1	1	1	1	1	PF09169
rs786202719	P51587	P60896	1	0	0	1	1	1	1	1	1	1	PF09169
rs80358776	P51587	O43502	1	1	0	1	1	1	1	1	1	1	PF00634
rs80358776	P51587	Q14565	1	1	0	1	1	1	1	1	1	1	PF00634
rs80358776	P51587	Q06609	1	1	0	1	1	1	1	1	1	1	PF00634
rs80358776	P51587	O43542	1	1	0	1	1	1	1	1	1	1	PF00634
rs80359056	P51587	P51587	1	0	0	0	0	0	1	1	0	1	PF09103
rs80359056	P51587	P60896	1	0	0	0	0	0	1	1	0	1	PF09103
rs55933907	P51587	P51587	0	0	0	0	0	0	1	0	0	0	PF09104
rs770003991	P51587	P51587	1	1	0	1	1	1	1	1	1	1	PF09104
rs753244927	P51587	O43502	1	0	1	1	1	1	1	0	1	1	PF00634
rs753244927	P51587	Q14565	1	0	1	1	1	1	1	0	1	1	PF00634
rs753244927	P51587	Q06609	1	0	1	1	1	1	1	0	1	1	PF00634
rs753244927	P51587	O43542	1	0	1	1	1	1	1	0	1	1	PF00634
rs755523944	P51587	O43502	0	0	0	0	0	0	1	0	0	0	PF00634
rs755523944	P51587	Q14565	0	0	0	0	0	0	1	0	0	0	PF00634
rs755523944	P51587	Q06609	0	0	0	0	0	0	1	0	0	0	PF00634
rs755523944	P51587	O43542	0	0	0	0	0	0	1	0	0	0	PF00634
rs587782781	P51587	P51587	1	1	0	0	0	0	1	0	0	0	PF09103
rs587782781	P51587	P60896	1	1	0	0	0	0	1	0	0	0	PF09103
rs386833397	P51587	O43502	1	1	0	1	0	0	1	1	0	1	PF00634
rs386833397	P51587	Q14565	1	1	0	1	0	0	1	1	0	1	PF00634
rs386833397	P51587	Q06609	1	1	0	1	0	0	1	1	0	1	PF00634
rs386833397	P51587	O43542	1	1	0	1	0	0	1	1	0	1	PF00634
rs276174923	P51587	P51587	0	0	0	0	1	1	1	0	1	1	PF09104
rs55973801	P51587	O43502	1	1	1	1	1	1	1	0	1	1	PF00634
rs55973801	P51587	Q14565	1	1	1	1	1	1	1	0	1	1	PF00634
rs55973801	P51587	Q06609	1	1	1	1	1	1	1	0	1	1	PF00634
rs55973801	P51587	O43542	1	1	1	1	1	1	1	0	1	1	PF00634
rs80358862	P51587	O43502	1	1	0	1	1	1	1	0	1	1	PF00634
rs80358862	P51587	Q14565	1	1	0	1	1	1	1	0	1	1	PF00634
rs80358862	P51587	Q06609	1	1	0	1	1	1	1	0	1	1	PF00634
rs80358862	P51587	O43542	1	1	0	1	1	1	1	0	1	1	PF00634
rs759181823	P51587	O43502	1	1	0	0	0	0	1	0	0	0	PF00634
rs759181823	P51587	Q14565	1	1	0	0	0	0	1	0	0	0	PF00634
rs759181823	P51587	Q06609	1	1	0	0	0	0	1	0	0	0	PF00634
rs759181823	P51587	O43542	1	1	0	0	0	0	1	0	0	0	PF00634
rs864622336	P51587	O43502	1	1	0	1	1	1	1	0	1	1	PF00634
rs864622336	P51587	Q14565	1	1	0	1	1	1	1	0	1	1	PF00634
rs864622336	P51587	Q06609	1	1	0	1	1	1	1	0	1	1	PF00634
rs864622336	P51587	O43542	1	1	0	1	1	1	1	0	1	1	PF00634
rs777094216	P51587	P51587	0	0	0	0	0	0	1	0	0	0	PF09103
rs777094216	P51587	P60896	0	0	0	0	0	0	1	0	0	0	PF09103
rs398122770	P51587	O43502	0	1	0	1	1	1	1	0	1	1	PF00634
rs398122770	P51587	Q14565	0	1	0	1	1	1	1	0	1	1	PF00634
rs398122770	P51587	Q06609	0	1	0	1	1	1	1	0	1	1	PF00634
rs398122770	P51587	O43542	0	1	0	1	1	1	1	0	1	1	PF00634
rs80359006	P51587	P51587	1	0	0	1	1	1	1	0	1	1	PF09169
rs80359006	P51587	P60896	1	0	0	1	1	1	1	0	1	1	PF09169
rs80359040	P51587	P51587	1	1	1	1	1	1	1	1	1	1	PF09103
rs80359040	P51587	P60896	1	1	1	1	1	1	1	1	1	1	PF09103
rs776348927	P51587	O43502	0	0	1	1	1	1	1	0	1	1	PF00634
rs776348927	P51587	Q14565	0	0	1	1	1	1	1	0	1	1	PF00634
rs776348927	P51587	Q06609	0	0	1	1	1	1	1	0	1	1	PF00634
rs776348927	P51587	O43542	0	0	1	1	1	1	1	0	1	1	PF00634
rs730881559	P51587	P51587	0	0	1	1	0	0	1	0	1	1	PF09169
rs730881559	P51587	P60896	0	0	1	1	0	0	1	0	1	1	PF09169
rs786204150	P51587	P51587	1	0	0	0	0	0	1	0	0	0	PF09169
rs786204150	P51587	P60896	1	0	0	0	0	0	1	0	0	0	PF09169
rs863224594	P51587	O43502	1	1	0	1	0	0	1	0	0	0	PF00634
rs863224594	P51587	Q14565	1	1	0	1	0	0	1	0	0	0	PF00634
rs863224594	P51587	Q06609	1	1	0	1	0	0	1	0	0	0	PF00634
rs863224594	P51587	O43542	1	1	0	1	0	0	1	0	0	0	PF00634
rs760482209	P51587	O43502	1	1	0	1	1	1	1	1	1	1	PF00634
rs760482209	P51587	Q14565	1	1	0	1	1	1	1	1	1	1	PF00634
rs760482209	P51587	Q06609	1	1	0	1	1	1	1	1	1	1	PF00634
rs760482209	P51587	O43542	1	1	0	1	1	1	1	1	1	1	PF00634
rs398122759	P51587	O43502	1	1	0	1	0	0	1	0	0	0	PF00634
rs398122759	P51587	Q14565	1	1	0	1	0	0	1	0	0	0	PF00634
rs398122759	P51587	Q06609	1	1	0	1	0	0	1	0	0	0	PF00634
rs398122759	P51587	O43542	1	1	0	1	0	0	1	0	0	0	PF00634
rs80359105	P51587	P51587	1	1	1	1	1	1	1	1	1	1	PF09121
rs776196396	P51587	O43502	1	0	0	1	0	0	1	0	0	0	PF00634
rs776196396	P51587	Q14565	1	0	0	1	0	0	1	0	0	0	PF00634
rs776196396	P51587	Q06609	1	0	0	1	0	0	1	0	0	0	PF00634
rs776196396	P51587	O43542	1	0	0	1	0	0	1	0	0	0	PF00634
rs80358991	P51587	P51587	1	0	0	0	0	0	1	1	0	1	PF09169
rs80358991	P51587	P60896	1	0	0	0	0	0	1	1	0	1	PF09169
rs730881563	P51587	P51587	0	0	1	1	1	1	1	0	1	1	PF09103
rs730881563	P51587	P60896	0	0	1	1	1	1	1	0	1	1	PF09103
rs397507330	P51587	O43502	1	0	0	0	0	0	1	1	0	1	PF00634
rs397507330	P51587	Q14565	1	0	0	0	0	0	1	1	0	1	PF00634
rs397507330	P51587	Q06609	1	0	0	0	0	0	1	1	0	1	PF00634
rs397507330	P51587	O43542	1	0	0	0	0	0	1	1	0	1	PF00634
rs863224601	P51587	P51587	1	1	1	1	1	1	1	0	1	1	PF09104
rs786202313	P51587	O43502	0	0	0	1	1	1	1	0	1	1	PF00634
rs786202313	P51587	Q14565	0	0	0	1	1	1	1	0	1	1	PF00634
rs786202313	P51587	Q06609	0	0	0	1	1	1	1	0	1	1	PF00634
rs786202313	P51587	O43542	0	0	0	1	1	1	1	0	1	1	PF00634
rs80359216	P51587	P51587	1	1	1	1	1	1	1	1	1	1	PF09104
rs80358833	P51587	O43502	1	0	1	1	1	1	1	0	1	1	PF00634
rs80358833	P51587	Q14565	1	0	1	1	1	1	1	0	1	1	PF00634
rs80358833	P51587	Q06609	1	0	1	1	1	1	1	0	1	1	PF00634
rs80358833	P51587	O43542	1	0	1	1	1	1	1	0	1	1	PF00634
rs80358992	P51587	P51587	1	1	1	1	1	1	1	1	1	1	PF09169
rs80358992	P51587	P60896	1	1	1	1	1	1	1	1	1	1	PF09169
rs80358548	P51587	O43502	1	1	1	1	1	1	1	0	1	1	PF00634
rs80358548	P51587	Q14565	1	1	1	1	1	1	1	0	1	1	PF00634
rs80358548	P51587	Q06609	1	1	1	1	1	1	1	0	1	1	PF00634
rs80358548	P51587	O43542	1	1	1	1	1	1	1	0	1	1	PF00634
rs587782670	P51587	O43502	1	1	1	1	1	1	1	0	1	1	PF00634
rs587782670	P51587	Q14565	1	1	1	1	1	1	1	0	1	1	PF00634
rs587782670	P51587	Q06609	1	1	1	1	1	1	1	0	1	1	PF00634
rs587782670	P51587	O43542	1	1	1	1	1	1	1	0	1	1	PF00634
rs587776474	P51587	P51587	1	1	0	0	0	0	1	1	0	1	PF09104
rs573514896	P51587	O43502	0	0	0	0	0	0	1	0	0	0	PF00634
rs573514896	P51587	Q14565	0	0	0	0	0	0	1	0	0	0	PF00634
rs573514896	P51587	Q06609	0	0	0	0	0	0	1	0	0	0	PF00634
rs573514896	P51587	O43542	0	0	0	0	0	0	1	0	0	0	PF00634
rs562893642	P51587	O43502	1	1	0	0	0	0	1	0	0	0	PF00634
rs562893642	P51587	Q14565	1	1	0	0	0	0	1	0	0	0	PF00634
rs562893642	P51587	Q06609	1	1	0	0	0	0	1	0	0	0	PF00634
rs562893642	P51587	O43542	1	1	0	0	0	0	1	0	0	0	PF00634
rs786202344	P51587	P51587	1	1	1	1	1	1	1	1	1	1	PF09169
rs786202344	P51587	P60896	1	1	1	1	1	1	1	1	1	1	PF09169
rs80358996	P51587	P51587	1	1	1	1	1	1	1	1	1	1	PF09169
rs80358996	P51587	P60896	1	1	1	1	1	1	1	1	1	1	PF09169
rs28897728	P51587	O43502	1	1	1	1	1	1	1	0	1	1	PF00634
rs28897728	P51587	Q14565	1	1	1	1	1	1	1	0	1	1	PF00634
rs28897728	P51587	Q06609	1	1	1	1	1	1	1	0	1	1	PF00634
rs28897728	P51587	O43542	1	1	1	1	1	1	1	0	1	1	PF00634
rs80359022	P51587	P51587	1	1	1	1	1	1	1	0	1	1	PF09169
rs80359022	P51587	P60896	1	1	1	1	1	1	1	0	1	1	PF09169
rs80358667	P51587	O43502	1	1	0	0	1	1	1	0	1	1	PF00634
rs80358667	P51587	Q14565	1	1	0	0	1	1	1	0	1	1	PF00634
rs80358667	P51587	Q06609	1	1	0	0	1	1	1	0	1	1	PF00634
rs80358667	P51587	O43542	1	1	0	0	1	1	1	0	1	1	PF00634
rs80359176	P51587	P51587	1	1	0	0	1	1	1	1	1	1	PF09104
rs55647716	P51587	P51587	1	0	0	1	0	0	1	0	0	0	PF09169
rs55647716	P51587	P60896	1	0	0	1	0	0	1	0	0	0	PF09169
rs80359009	P51587	P51587	1	1	1	1	1	1	1	0	1	1	PF09169
rs80359009	P51587	P60896	1	1	1	1	1	1	1	0	1	1	PF09169
rs387907575	P51587	O43502	0	0	0	0	0	0	1	0	0	0	PF00634
rs387907575	P51587	Q14565	0	0	0	0	0	0	1	0	0	0	PF00634
rs387907575	P51587	Q06609	0	0	0	0	0	0	1	0	0	0	PF00634
rs387907575	P51587	O43542	0	0	0	0	0	0	1	0	0	0	PF00634
rs80358551	P51587	O43502	1	1	0	0	0	0	1	1	0	1	PF00634
rs80358551	P51587	Q14565	1	1	0	0	0	0	1	1	0	1	PF00634
rs80358551	P51587	Q06609	1	1	0	0	0	0	1	1	0	1	PF00634
rs80358551	P51587	O43542	1	1	0	0	0	0	1	1	0	1	PF00634
rs730881556	P51587	P51587	1	0	0	1	1	1	1	0	1	1	PF09169
rs730881556	P51587	P60896	1	0	0	1	1	1	1	0	1	1	PF09169
rs747615055	P51587	P51587	1	0	1	1	0	0	1	0	1	1	PF09104
rs786201752	P51587	P51587	0	0	1	1	1	1	1	0	1	1	PF09103
rs786201752	P51587	P60896	0	0	1	1	1	1	1	0	1	1	PF09103
rs755227053	P51587	O43502	0	0	1	1	1	1	1	0	1	1	PF00634
rs755227053	P51587	Q14565	0	0	1	1	1	1	1	0	1	1	PF00634
rs755227053	P51587	Q06609	0	0	1	1	1	1	1	0	1	1	PF00634
rs755227053	P51587	O43542	0	0	1	1	1	1	1	0	1	1	PF00634
rs431825311	P51587	O43502	0	0	0	1	1	1	1	0	1	1	PF00634
rs431825311	P51587	Q14565	0	0	0	1	1	1	1	0	1	1	PF00634
rs431825311	P51587	Q06609	0	0	0	1	1	1	1	0	1	1	PF00634
rs431825311	P51587	O43542	0	0	0	1	1	1	1	0	1	1	PF00634
rs80359076	P51587	P51587	1	0	1	1	1	1	1	1	1	1	PF09103
rs80359076	P51587	P60896	1	0	1	1	1	1	1	1	1	1	PF09103
rs376249157	P51587	O43502	1	1	1	1	1	1	1	0	1	1	PF00634
rs376249157	P51587	Q14565	1	1	1	1	1	1	1	0	1	1	PF00634
rs376249157	P51587	Q06609	1	1	1	1	1	1	1	0	1	1	PF00634
rs376249157	P51587	O43542	1	1	1	1	1	1	1	0	1	1	PF00634
rs760179903	P51587	O43502	1	1	1	1	1	1	1	0	1	1	PF00634
rs760179903	P51587	Q14565	1	1	1	1	1	1	1	0	1	1	PF00634
rs760179903	P51587	Q06609	1	1	1	1	1	1	1	0	1	1	PF00634
rs760179903	P51587	O43542	1	1	1	1	1	1	1	0	1	1	PF00634
rs398122586	P51587	P51587	1	1	1	1	1	1	1	0	1	1	PF09169
rs398122586	P51587	P60896	1	1	1	1	1	1	1	0	1	1	PF09169
rs587776472	P51587	P51587	0	0	1	1	0	0	1	0	1	1	PF09103
rs587776472	P51587	P60896	0	0	1	1	0	0	1	0	1	1	PF09103
rs80358554	P51587	O43502	1	1	0	0	1	1	1	0	1	1	PF00634
rs80358554	P51587	Q14565	1	1	0	0	1	1	1	0	1	1	PF00634
rs80358554	P51587	Q06609	1	1	0	0	1	1	1	0	1	1	PF00634
rs80358554	P51587	O43542	1	1	0	0	1	1	1	0	1	1	PF00634
rs80359029	P51587	P51587	1	1	1	1	1	1	1	1	1	1	PF09169
rs80359029	P51587	P60896	1	1	1	1	1	1	1	1	1	1	PF09169
rs74047012	P51587	P51587	1	1	0	0	0	0	1	0	0	0	PF09169
rs74047012	P51587	P60896	1	1	0	0	0	0	1	0	0	0	PF09169
rs786202615	P51587	P51587	1	1	1	1	1	1	1	0	1	1	PF09169
rs786202615	P51587	P60896	1	1	1	1	1	1	1	0	1	1	PF09169
rs786203133	P51587	P51587	1	1	0	0	0	0	1	0	0	0	PF09169
rs786203133	P51587	P60896	1	1	0	0	0	0	1	0	0	0	PF09169
rs80359220	P51587	P51587	1	1	0	1	0	0	1	0	0	0	PF09104
rs431825319	P51587	O43502	1	0	0	0	0	0	1	0	0	0	PF00634
rs431825319	P51587	Q14565	1	0	0	0	0	0	1	0	0	0	PF00634
rs431825319	P51587	Q06609	1	0	0	0	0	0	1	0	0	0	PF00634
rs431825319	P51587	O43542	1	0	0	0	0	0	1	0	0	0	PF00634
rs763330257	P51587	O43502	1	1	0	0	0	0	1	1	0	1	PF00634
rs763330257	P51587	Q14565	1	1	0	0	0	0	1	1	0	1	PF00634
rs763330257	P51587	Q06609	1	1	0	0	0	0	1	1	0	1	PF00634
rs763330257	P51587	O43542	1	1	0	0	0	0	1	1	0	1	PF00634
rs730881519	P51587	O43502	0	0	1	1	1	1	1	0	1	1	PF00634
rs730881519	P51587	Q14565	0	0	1	1	1	1	1	0	1	1	PF00634
rs730881519	P51587	Q06609	0	0	1	1	1	1	1	0	1	1	PF00634
rs730881519	P51587	O43542	0	0	1	1	1	1	1	0	1	1	PF00634
rs80359008	P51587	P51587	1	1	1	1	1	1	1	0	1	1	PF09169
rs80359008	P51587	P60896	1	1	1	1	1	1	1	0	1	1	PF09169
rs771265005	P51587	P51587	0	0	0	1	0	0	1	0	0	0	PF09103
rs771265005	P51587	P60896	0	0	0	1	0	0	1	0	0	0	PF09103
rs397507354	P51587	O43502	0	0	0	0	0	0	1	0	0	0	PF00634
rs397507354	P51587	Q14565	0	0	0	0	0	0	1	0	0	0	PF00634
rs397507354	P51587	Q06609	0	0	0	0	0	0	1	0	0	0	PF00634
rs397507354	P51587	O43542	0	0	0	0	0	0	1	0	0	0	PF00634
rs781671762	P51587	O43502	1	0	0	0	1	1	1	1	1	1	PF00634
rs781671762	P51587	Q14565	1	0	0	0	1	1	1	1	1	1	PF00634
rs781671762	P51587	Q06609	1	0	0	0	1	1	1	1	1	1	PF00634
rs781671762	P51587	O43542	1	0	0	0	1	1	1	1	1	1	PF00634
rs80359191	P51587	P51587	1	1	1	1	1	1	1	1	1	1	PF09104
rs780279081	P51587	O43502	1	1	1	1	1	1	1	1	1	1	PF00634
rs780279081	P51587	Q14565	1	1	1	1	1	1	1	1	1	1	PF00634
rs780279081	P51587	Q06609	1	1	1	1	1	1	1	1	1	1	PF00634
rs780279081	P51587	O43542	1	1	1	1	1	1	1	1	1	1	PF00634
rs431825355	P51587	P51587	1	0	0	0	0	0	1	0	0	0	PF09169
rs431825355	P51587	P60896	1	0	0	0	0	0	1	0	0	0	PF09169
rs587782738	P51587	O43502	1	1	0	1	0	0	1	0	0	0	PF00634
rs587782738	P51587	Q14565	1	1	0	1	0	0	1	0	0	0	PF00634
rs587782738	P51587	Q06609	1	1	0	1	0	0	1	0	0	0	PF00634
rs587782738	P51587	O43542	1	1	0	1	0	0	1	0	0	0	PF00634
rs80359179	P51587	P51587	1	0	1	1	0	0	1	0	1	1	PF09104
rs80358986	P51587	P51587	1	1	0	0	0	0	1	0	0	0	PF09169
rs80358986	P51587	P60896	1	1	0	0	0	0	1	0	0	0	PF09169
rs730881541	P51587	O43502	1	1	1	1	1	1	1	0	1	1	PF00634
rs730881541	P51587	Q14565	1	1	1	1	1	1	1	0	1	1	PF00634
rs730881541	P51587	Q06609	1	1	1	1	1	1	1	0	1	1	PF00634
rs730881541	P51587	O43542	1	1	1	1	1	1	1	0	1	1	PF00634
rs398122533	P51587	O43502	1	1	0	0	0	0	1	0	0	0	PF00634
rs398122533	P51587	Q14565	1	1	0	0	0	0	1	0	0	0	PF00634
rs398122533	P51587	Q06609	1	1	0	0	0	0	1	0	0	0	PF00634
rs398122533	P51587	O43542	1	1	0	0	0	0	1	0	0	0	PF00634
rs730881561	P51587	P51587	1	1	1	1	1	1	1	0	1	1	PF09169
rs730881561	P51587	P60896	1	1	1	1	1	1	1	0	1	1	PF09169
rs397507423	P51587	P51587	1	1	0	0	0	0	1	0	0	0	PF09104
rs80358725	P51587	O43502	1	1	0	0	0	0	1	0	0	0	PF00634
rs80358725	P51587	Q14565	1	1	0	0	0	0	1	0	0	0	PF00634
rs80358725	P51587	Q06609	1	1	0	0	0	0	1	0	0	0	PF00634
rs80358725	P51587	O43542	1	1	0	0	0	0	1	0	0	0	PF00634
rs529779203	P51587	P51587	0	0	1	1	1	1	1	0	1	1	PF09169
rs529779203	P51587	P60896	0	0	1	1	1	1	1	0	1	1	PF09169
rs766043679	P51587	P51587	1	0	0	0	0	0	1	0	0	0	PF09104
rs397507938	P51587	P51587	1	1	1	1	1	1	1	1	1	1	PF09169
rs397507938	P51587	P60896	1	1	1	1	1	1	1	1	1	1	PF09169
rs746472081	P51587	O43502	1	1	0	0	0	0	1	1	0	1	PF00634
rs746472081	P51587	Q14565	1	1	0	0	0	0	1	1	0	1	PF00634
rs746472081	P51587	Q06609	1	1	0	0	0	0	1	1	0	1	PF00634
rs746472081	P51587	O43542	1	1	0	0	0	0	1	1	0	1	PF00634
rs80359053	P51587	P51587	0	0	0	0	0	0	1	0	0	0	PF09103
rs80359053	P51587	P60896	0	0	0	0	0	0	1	0	0	0	PF09103
rs28897750	P51587	P51587	1	1	1	1	1	1	1	0	1	1	PF09103
rs28897750	P51587	P60896	1	1	1	1	1	1	1	0	1	1	PF09103
rs28897729	P51587	O43502	0	0	1	1	1	1	1	0	1	1	PF00634
rs28897729	P51587	Q14565	0	0	1	1	1	1	1	0	1	1	PF00634
rs28897729	P51587	Q06609	0	0	1	1	1	1	1	0	1	1	PF00634
rs28897729	P51587	O43542	0	0	1	1	1	1	1	0	1	1	PF00634
rs755791142	P51587	O43502	1	0	0	1	0	0	1	1	0	1	PF00634
rs755791142	P51587	Q14565	1	0	0	1	0	0	1	1	0	1	PF00634
rs755791142	P51587	Q06609	1	0	0	1	0	0	1	1	0	1	PF00634
rs755791142	P51587	O43542	1	0	0	1	0	0	1	1	0	1	PF00634
rs143761565	P51587	P51587	1	1	1	1	1	1	1	0	1	1	PF09103
rs143761565	P51587	P60896	1	1	1	1	1	1	1	0	1	1	PF09103
rs28897751	P51587	P51587	1	1	1	1	1	1	1	0	1	1	PF09103
rs28897751	P51587	P60896	1	1	1	1	1	1	1	0	1	1	PF09103
rs747899091	P51587	O43502	0	0	0	1	1	1	1	0	1	1	PF00634
rs747899091	P51587	Q14565	0	0	0	1	1	1	1	0	1	1	PF00634
rs747899091	P51587	Q06609	0	0	0	1	1	1	1	0	1	1	PF00634
rs747899091	P51587	O43542	0	0	0	1	1	1	1	0	1	1	PF00634
rs80358977	P51587	P51587	1	0	0	1	0	0	1	0	0	0	PF09169
rs80358977	P51587	P60896	1	0	0	1	0	0	1	0	0	0	PF09169
rs28897738	P51587	O43502	1	0	1	1	1	1	1	0	1	1	PF00634
rs28897738	P51587	Q14565	1	0	1	1	1	1	1	0	1	1	PF00634
rs28897738	P51587	Q06609	1	0	1	1	1	1	1	0	1	1	PF00634
rs28897738	P51587	O43542	1	0	1	1	1	1	1	0	1	1	PF00634
rs80359117	P51587	P51587	0	0	1	1	1	1	1	0	1	1	PF09121
rs864622757	P51587	O43502	1	1	0	0	1	1	1	0	1	1	PF00634
rs864622757	P51587	Q14565	1	1	0	0	1	1	1	0	1	1	PF00634
rs864622757	P51587	Q06609	1	1	0	0	1	1	1	0	1	1	PF00634
rs864622757	P51587	O43542	1	1	0	0	1	1	1	0	1	1	PF00634
rs746274489	P51587	O43502	1	0	1	1	1	1	1	0	1	1	PF00634
rs746274489	P51587	Q14565	1	0	1	1	1	1	1	0	1	1	PF00634
rs746274489	P51587	Q06609	1	0	1	1	1	1	1	0	1	1	PF00634
rs746274489	P51587	O43542	1	0	1	1	1	1	1	0	1	1	PF00634
rs80358980	P51587	P51587	1	0	1	1	1	1	1	0	1	1	PF09169
rs80358980	P51587	P60896	1	0	1	1	1	1	1	0	1	1	PF09169
rs756931386	P51587	O43502	1	1	0	0	1	1	1	0	1	1	PF00634
rs756931386	P51587	Q14565	1	1	0	0	1	1	1	0	1	1	PF00634
rs756931386	P51587	Q06609	1	1	0	0	1	1	1	0	1	1	PF00634
rs756931386	P51587	O43542	1	1	0	0	1	1	1	0	1	1	PF00634
rs398122603	P51587	P51587	1	1	0	0	1	1	1	1	1	1	PF09103
rs398122603	P51587	P60896	1	1	0	0	1	1	1	1	1	1	PF09103
rs762458631	P51587	O43502	1	1	0	0	1	1	1	0	1	1	PF00634
rs762458631	P51587	Q14565	1	1	0	0	1	1	1	0	1	1	PF00634
rs762458631	P51587	Q06609	1	1	0	0	1	1	1	0	1	1	PF00634
rs762458631	P51587	O43542	1	1	0	0	1	1	1	0	1	1	PF00634
rs80359071	P51587	P51587	1	1	1	1	1	1	1	0	1	1	PF09103
rs80359071	P51587	P60896	1	1	1	1	1	1	1	0	1	1	PF09103
rs80359063	P51587	P51587	1	1	1	1	1	1	1	0	1	1	PF09103
rs80359063	P51587	P60896	1	1	1	1	1	1	1	0	1	1	PF09103
rs730881570	P51587	P51587	1	1	0	0	0	0	1	0	0	0	PF09104
rs764248927	P51587	P51587	1	0	1	1	1	1	1	0	1	1	PF09169
rs764248927	P51587	P60896	1	0	1	1	1	1	1	0	1	1	PF09169
rs779130725	P51587	O43502	1	1	0	0	0	0	1	0	0	0	PF00634
rs779130725	P51587	Q14565	1	1	0	0	0	0	1	0	0	0	PF00634
rs779130725	P51587	Q06609	1	1	0	0	0	0	1	0	0	0	PF00634
rs779130725	P51587	O43542	1	1	0	0	0	0	1	0	0	0	PF00634
rs786202838	P51587	O43502	1	0	0	0	0	0	1	0	0	0	PF00634
rs786202838	P51587	Q14565	1	0	0	0	0	0	1	0	0	0	PF00634
rs786202838	P51587	Q06609	1	0	0	0	0	0	1	0	0	0	PF00634
rs786202838	P51587	O43542	1	0	0	0	0	0	1	0	0	0	PF00634
rs80358829	P51587	O43502	1	1	0	0	0	0	1	0	0	0	PF00634
rs80358829	P51587	Q14565	1	1	0	0	0	0	1	0	0	0	PF00634
rs80358829	P51587	Q06609	1	1	0	0	0	0	1	0	0	0	PF00634
rs80358829	P51587	O43542	1	1	0	0	0	0	1	0	0	0	PF00634
rs863224597	P51587	P51587	1	1	0	0	0	0	1	0	0	0	PF09169
rs863224597	P51587	P60896	1	1	0	0	0	0	1	0	0	0	PF09169
rs587782715	P51587	P51587	1	1	1	1	1	1	1	0	1	1	PF09169
rs587782715	P51587	P60896	1	1	1	1	1	1	1	0	1	1	PF09169
rs587780657	P51587	O43502	1	0	0	1	0	0	1	0	0	0	PF00634
rs587780657	P51587	Q14565	1	0	0	1	0	0	1	0	0	0	PF00634
rs587780657	P51587	Q06609	1	0	0	1	0	0	1	0	0	0	PF00634
rs587780657	P51587	O43542	1	0	0	1	0	0	1	0	0	0	PF00634
rs28897749	P51587	P51587	0	0	0	0	0	0	1	0	0	0	PF09103
rs28897749	P51587	P60896	0	0	0	0	0	0	1	0	0	0	PF09103
rs786201997	P51587	O43502	1	1	0	0	0	0	1	1	0	1	PF00634
rs786201997	P51587	Q14565	1	1	0	0	0	0	1	1	0	1	PF00634
rs786201997	P51587	Q06609	1	1	0	0	0	0	1	1	0	1	PF00634
rs786201997	P51587	O43542	1	1	0	0	0	0	1	1	0	1	PF00634
rs587782732	P51587	P51587	1	1	1	1	1	1	1	0	1	1	PF09103
rs587782732	P51587	P60896	1	1	1	1	1	1	1	0	1	1	PF09103
rs141702094	P51587	O43502	1	1	1	1	1	1	1	1	1	1	PF00634
rs141702094	P51587	Q14565	1	1	1	1	1	1	1	1	1	1	PF00634
rs141702094	P51587	Q06609	1	1	1	1	1	1	1	1	1	1	PF00634
rs141702094	P51587	O43542	1	1	1	1	1	1	1	1	1	1	PF00634
rs786203538	P51587	O43502	0	0	0	0	0	0	1	0	0	0	PF00634
rs786203538	P51587	Q14565	0	0	0	0	0	0	1	0	0	0	PF00634
rs786203538	P51587	Q06609	0	0	0	0	0	0	1	0	0	0	PF00634
rs786203538	P51587	O43542	0	0	0	0	0	0	1	0	0	0	PF00634
rs776233733	P51587	P51587	0	0	1	1	1	1	1	0	1	1	PF09169
rs776233733	P51587	P60896	0	0	1	1	1	1	1	0	1	1	PF09169
rs397507429	P51587	P51587	1	1	0	0	0	0	1	0	0	0	PF09104
rs767209209	P51587	P51587	0	0	0	0	0	0	1	0	0	0	PF09103
rs767209209	P51587	P60896	0	0	0	0	0	0	1	0	0	0	PF09103
rs28897733	P51587	O43502	1	1	0	1	1	1	1	1	1	1	PF00634
rs28897733	P51587	Q14565	1	1	0	1	1	1	1	1	1	1	PF00634
rs28897733	P51587	Q06609	1	1	0	1	1	1	1	1	1	1	PF00634
rs28897733	P51587	O43542	1	1	0	1	1	1	1	1	1	1	PF00634
rs80358671	P51587	O43502	1	1	1	1	0	0	1	1	1	1	PF00634
rs80358671	P51587	Q14565	1	1	1	1	0	0	1	1	1	1	PF00634
rs80358671	P51587	Q06609	1	1	1	1	0	0	1	1	1	1	PF00634
rs80358671	P51587	O43542	1	1	1	1	0	0	1	1	1	1	PF00634
rs786203755	P51587	P51587	1	0	0	0	0	0	1	0	0	0	PF09169
rs786203755	P51587	P60896	1	0	0	0	0	0	1	0	0	0	PF09169
rs80359061	P51587	P51587	1	1	1	1	1	1	1	0	1	1	PF09103
rs80359061	P51587	P60896	1	1	1	1	1	1	1	0	1	1	PF09103
rs80359038	P51587	P51587	1	1	0	0	0	0	1	0	0	0	PF09103
rs80359038	P51587	P60896	1	1	0	0	0	0	1	0	0	0	PF09103
rs587781719	P51587	P51587	1	1	0	1	1	1	1	0	1	1	PF09103
rs587781719	P51587	P60896	1	1	0	1	1	1	1	0	1	1	PF09103
rs201483108	P51587	P51587	1	1	1	1	1	1	1	1	1	1	PF09103
rs201483108	P51587	P60896	1	1	1	1	1	1	1	1	1	1	PF09103
rs431825354	P51587	P51587	1	1	1	1	0	0	1	1	1	1	PF09169
rs431825354	P51587	P60896	1	1	1	1	0	0	1	1	1	1	PF09169
rs80358553	P51587	O43502	0	0	0	0	0	0	1	0	0	0	PF00634
rs80358553	P51587	Q14565	0	0	0	0	0	0	1	0	0	0	PF00634
rs80358553	P51587	Q06609	0	0	0	0	0	0	1	0	0	0	PF00634
rs80358553	P51587	O43542	0	0	0	0	0	0	1	0	0	0	PF00634
rs80359057	P51587	P51587	1	1	0	1	1	1	1	1	1	1	PF09103
rs80359057	P51587	P60896	1	1	0	1	1	1	1	1	1	1	PF09103
rs80359081	P51587	P51587	1	0	0	0	0	0	1	0	0	0	PF09103
rs80359081	P51587	P60896	1	0	0	0	0	0	1	0	0	0	PF09103
rs80358861	P51587	O43502	1	1	1	1	1	1	1	0	1	1	PF00634
rs80358861	P51587	Q14565	1	1	1	1	1	1	1	0	1	1	PF00634
rs80358861	P51587	Q06609	1	1	1	1	1	1	1	0	1	1	PF00634
rs80358861	P51587	O43542	1	1	1	1	1	1	1	0	1	1	PF00634
rs786202713	P51587	P51587	0	0	0	0	0	0	1	0	0	0	PF09104
rs56371528	P51587	P51587	1	1	1	1	1	1	1	0	1	1	PF09103
rs56371528	P51587	P60896	1	1	1	1	1	1	1	0	1	1	PF09103
rs80359064	P51587	P51587	1	1	1	1	1	1	1	1	1	1	PF09103
rs80359064	P51587	P60896	1	1	1	1	1	1	1	1	1	1	PF09103
