Mutation	MutatedProtein	InteractingProtein	PROPERTIES	BLOSUM	POLYPHEN_2_HC	POLYPHEN_2	SIFT_HC	SIFT	NULL	HOTSPOT_ENRICHED	PSHC	HPSHC
rs17851045	P01116	P10398	0	0	0	0	1	1	1	0	1	1
rs17851045	P01116	P49336	0	0	0	0	1	1	1	0	1	1
rs17851045	P01116	O00459	0	0	0	0	1	1	1	0	1	1
rs17851045	P01116	P42336	0	0	0	0	1	1	1	0	1	1
rs17851045	P01116	Q12967	0	0	0	0	1	1	1	0	1	1
rs17851045	P01116	P48736	0	0	0	0	1	1	1	0	1	1
rs17851045	P01116	Q8IUH5	0	0	0	0	1	1	1	0	1	1
rs17851045	P01116	O14827	0	0	0	0	1	1	1	0	1	1
rs17851045	P01116	Q96ID5	0	0	0	0	1	1	1	0	1	1
rs17851045	P01116	O95661	0	0	0	0	1	1	1	0	1	1
rs17851045	P01116	O15211	0	0	0	0	1	1	1	0	1	1
rs17851045	P01116	P50749	0	0	0	0	1	1	1	0	1	1
rs17851045	P01116	P04049	0	0	0	0	1	1	1	0	1	1
rs17851045	P01116	Q8WWW0	0	0	0	0	1	1	1	0	1	1
rs16969968	P30532	P32297	1	0	0	0	0	0	1	1	0	1
rs16969968	P30532	P17787	1	0	0	0	0	0	1	1	0	1
rs397517128	P00533	Q70E73	1	1	1	1	1	1	1	1	1	1
rs397517128	P00533	Q08881	1	1	1	1	1	1	1	1	1	1
rs397517128	P00533	Q14155	1	1	1	1	1	1	1	1	1	1
rs397517128	P00533	P35568	1	1	1	1	1	1	1	1	1	1
rs397517128	P00533	P42685	1	1	1	1	1	1	1	1	1	1
rs397517128	P00533	Q16644	1	1	1	1	1	1	1	1	1	1
rs397517128	P00533	P30530	1	1	1	1	1	1	1	1	1	1
rs397517128	P00533	Q13480	1	1	1	1	1	1	1	1	1	1
rs397517128	P00533	P07332	1	1	1	1	1	1	1	1	1	1
rs397517128	P00533	P23467	1	1	1	1	1	1	1	1	1	1
rs397517128	P00533	Q05397	1	1	1	1	1	1	1	1	1	1
rs397517128	P00533	P51813	1	1	1	1	1	1	1	1	1	1
rs397517128	P00533	P42229	1	1	1	1	1	1	1	1	1	1
rs397517128	P00533	Q14449	1	1	1	1	1	1	1	1	1	1
rs397517128	P00533	Q8IZW8	1	1	1	1	1	1	1	1	1	1
rs397517128	P00533	Q12913	1	1	1	1	1	1	1	1	1	1
rs397517128	P00533	P04049	1	1	1	1	1	1	1	1	1	1
rs397517128	P00533	P18031	1	1	1	1	1	1	1	1	1	1
rs397517128	P00533	Q9Y490	1	1	1	1	1	1	1	1	1	1
rs397517128	P00533	Q9UKG1	1	1	1	1	1	1	1	1	1	1
rs397517128	P00533	P07949	1	1	1	1	1	1	1	1	1	1
rs397517128	P00533	P52735	1	1	1	1	1	1	1	1	1	1
rs397517128	P00533	P07947	1	1	1	1	1	1	1	1	1	1
rs397517128	P00533	Q68CZ2	1	1	1	1	1	1	1	1	1	1
rs397517128	P00533	P51451	1	1	1	1	1	1	1	1	1	1
rs397517128	P00533	P29350	1	1	1	1	1	1	1	1	1	1
rs397517128	P00533	Q38SD2	1	1	1	1	1	1	1	1	1	1
rs397517128	P00533	P52630	1	1	1	1	1	1	1	1	1	1
rs397517128	P00533	Q9Y5X1	1	1	1	1	1	1	1	1	1	1
rs397517128	P00533	P45983	1	1	1	1	1	1	1	1	1	1
rs397517128	P00533	P17612	1	1	1	1	1	1	1	1	1	1
rs397517128	P00533	Q92529	1	1	1	1	1	1	1	1	1	1
rs397517128	P00533	Q9UQB8	1	1	1	1	1	1	1	1	1	1
rs397517128	P00533	P42224	1	1	1	1	1	1	1	1	1	1
rs397517128	P00533	Q99704	1	1	1	1	1	1	1	1	1	1
rs397517128	P00533	Q13239	1	1	1	1	1	1	1	1	1	1
rs397517128	P00533	O43707	1	1	1	1	1	1	1	1	1	1
rs397517128	P00533	P29317	1	1	1	1	1	1	1	1	1	1
rs397517128	P00533	Q8N5H7	1	1	1	1	1	1	1	1	1	1
rs397517128	P00533	Q6S5L8	1	1	1	1	1	1	1	1	1	1
rs397517128	P00533	P08631	1	1	1	1	1	1	1	1	1	1
rs397517128	P00533	O14544	1	1	1	1	1	1	1	1	1	1
rs397517128	P00533	P43405	1	1	1	1	1	1	1	1	1	1
rs397517128	P00533	P06493	1	1	1	1	1	1	1	1	1	1
rs397517128	P00533	P17706	1	1	1	1	1	1	1	1	1	1
rs397517128	P00533	P45984	1	1	1	1	1	1	1	1	1	1
rs397517128	P00533	P54760	1	1	1	1	1	1	1	1	1	1
rs397517128	P00533	Q16620	1	1	1	1	1	1	1	1	1	1
rs397517128	P00533	Q07912	1	1	1	1	1	1	1	1	1	1
rs397517128	P00533	P25098	1	1	1	1	1	1	1	1	1	1
rs397517128	P00533	P19174	1	1	1	1	1	1	1	1	1	1
rs397517128	P00533	P05771	1	1	1	1	1	1	1	1	1	1
rs397517128	P00533	P23468	1	1	1	1	1	1	1	1	1	1
rs397517128	P00533	P00533	1	1	1	1	1	1	1	1	1	1
rs397517128	P00533	O14965	1	1	1	1	1	1	1	1	1	1
rs397517128	P00533	P21860	1	1	1	1	1	1	1	1	1	1
rs397517128	P00533	P15498	1	1	1	1	1	1	1	1	1	1
rs397517128	P00533	P46940	1	1	1	1	1	1	1	1	1	1
rs397517128	P00533	O14543	1	1	1	1	1	1	1	1	1	1
rs397517128	P00533	Q9H6Q3	1	1	1	1	1	1	1	1	1	1
rs397517128	P00533	P42684	1	1	1	1	1	1	1	1	1	1
rs397517128	P00533	P17252	1	1	1	1	1	1	1	1	1	1
rs397517128	P00533	Q16539	1	1	1	1	1	1	1	1	1	1
rs397517128	P00533	Q92569	1	1	1	1	1	1	1	1	1	1
rs397517128	P00533	P07948	1	1	1	1	1	1	1	1	1	1
rs397517128	P00533	O75886	1	1	1	1	1	1	1	1	1	1
rs397517128	P00533	Q9UJM3	1	1	1	1	1	1	1	1	1	1
rs397517128	P00533	Q96B97	1	1	1	1	1	1	1	1	1	1
rs397517128	P00533	O60880	1	1	1	1	1	1	1	1	1	1
rs397517128	P00533	P00519	1	1	1	1	1	1	1	1	1	1
rs397517128	P00533	O94875	1	1	1	1	1	1	1	1	1	1
rs397517128	P00533	Q99418	1	1	1	1	1	1	1	1	1	1
rs397517128	P00533	O75791	1	1	1	1	1	1	1	1	1	1
rs397517128	P00533	Q06124	1	1	1	1	1	1	1	1	1	1
rs397517128	P00533	Q7Z7G1	1	1	1	1	1	1	1	1	1	1
rs397517128	P00533	Q14289	1	1	1	1	1	1	1	1	1	1
rs397517128	P00533	P11309	1	1	1	1	1	1	1	1	1	1
rs397517128	P00533	P09769	1	1	1	1	1	1	1	1	1	1
rs397517128	P00533	P46109	1	1	1	1	1	1	1	1	1	1
rs397517128	P00533	Q13387	1	1	1	1	1	1	1	1	1	1
rs397517128	P00533	Q07889	1	1	1	1	1	1	1	1	1	1
rs397517128	P00533	Q9BRG2	1	1	1	1	1	1	1	1	1	1
rs397517128	P00533	Q9NP31	1	1	1	1	1	1	1	1	1	1
rs397517128	P00533	P15311	1	1	1	1	1	1	1	1	1	1
rs397517128	P00533	P62993	1	1	1	1	1	1	1	1	1	1
rs397517128	P00533	Q05513	1	1	1	1	1	1	1	1	1	1
rs397517128	P00533	Q15303	1	1	1	1	1	1	1	1	1	1
rs397517128	P00533	Q07890	1	1	1	1	1	1	1	1	1	1
rs397517128	P00533	P04626	1	1	1	1	1	1	1	1	1	1
rs397517128	P00533	Q02156	1	1	1	1	1	1	1	1	1	1
rs397517128	P00533	P27986	1	1	1	1	1	1	1	1	1	1
rs397517128	P00533	O75815	1	1	1	1	1	1	1	1	1	1
rs397517128	P00533	Q92918	1	1	1	1	1	1	1	1	1	1
rs397517128	P00533	P10586	1	1	1	1	1	1	1	1	1	1
rs397517128	P00533	Q14247	1	1	1	1	1	1	1	1	1	1
rs397517128	P00533	P16234	1	1	1	1	1	1	1	1	1	1
rs397517128	P00533	Q9Y2H9	1	1	1	1	1	1	1	1	1	1
rs397517128	P00533	Q8WXH5	1	1	1	1	1	1	1	1	1	1
rs397517128	P00533	Q9NSE2	1	1	1	1	1	1	1	1	1	1
rs397517128	P00533	Q05209	1	1	1	1	1	1	1	1	1	1
rs397517128	P00533	Q9NRF2	1	1	1	1	1	1	1	1	1	1
rs397517128	P00533	P40763	1	1	1	1	1	1	1	1	1	1
rs397517128	P00533	Q9UQF2	1	1	1	1	1	1	1	1	1	1
rs397517128	P00533	Q9Y2R2	1	1	1	1	1	1	1	1	1	1
rs397517128	P00533	Q13094	1	1	1	1	1	1	1	1	1	1
rs397517128	P00533	P20936	1	1	1	1	1	1	1	1	1	1
rs397517128	P00533	Q9UQC2	1	1	1	1	1	1	1	1	1	1
rs397517128	P00533	P12931	1	1	1	1	1	1	1	1	1	1
rs397517128	P00533	Q8TF42	1	1	1	1	1	1	1	1	1	1
rs397517128	P00533	O43639	1	1	1	1	1	1	1	1	1	1
rs397517128	P00533	O00459	1	1	1	1	1	1	1	1	1	1
rs397517128	P00533	Q13882	1	1	1	1	1	1	1	1	1	1
rs397517128	P00533	P41240	1	1	1	1	1	1	1	1	1	1
rs397517128	P00533	Q12929	1	1	1	1	1	1	1	1	1	1
rs397517128	P00533	Q01973	1	1	1	1	1	1	1	1	1	1
rs397517128	P00533	P08581	1	1	1	1	1	1	1	1	1	1
rs397517128	P00533	P31749	1	1	1	1	1	1	1	1	1	1
rs397517128	P00533	Q13153	1	1	1	1	1	1	1	1	1	1
rs397517128	P00533	Q12852	1	1	1	1	1	1	1	1	1	1
rs397517128	P00533	A4FU49	1	1	1	1	1	1	1	1	1	1
rs397517128	P00533	Q99759	1	1	1	1	1	1	1	1	1	1
rs397517128	P00533	P56945	1	1	1	1	1	1	1	1	1	1
rs397517128	P00533	P16333	1	1	1	1	1	1	1	1	1	1
rs397517128	P00533	P29353	1	1	1	1	1	1	1	1	1	1
rs397517128	P00533	P16885	1	1	1	1	1	1	1	1	1	1
rs397517128	P00533	Q99952	1	1	1	1	1	1	1	1	1	1
rs397517128	P00533	Q13322	1	1	1	1	1	1	1	1	1	1
rs397517128	P00533	P98077	1	1	1	1	1	1	1	1	1	1
rs397517128	P00533	Q9UQQ2	1	1	1	1	1	1	1	1	1	1
rs397517128	P00533	Q9NZM3	1	1	1	1	1	1	1	1	1	1
rs397517128	P00533	P43403	1	1	1	1	1	1	1	1	1	1
rs397517128	P00533	P46108	1	1	1	1	1	1	1	1	1	1
rs397517128	P00533	P51692	1	1	1	1	1	1	1	1	1	1
rs397517128	P00533	O60674	1	1	1	1	1	1	1	1	1	1
rs371378866	P54753	P06241	1	1	1	1	1	1	1	1	1	1
rs371378866	P54753	P20936	1	1	1	1	1	1	1	1	1	1
rs371378866	P54753	P46108	1	1	1	1	1	1	1	1	1	1
rs147149347	P00533	Q70E73	0	0	1	1	0	0	1	0	1	1
rs147149347	P00533	Q08881	0	0	1	1	0	0	1	0	1	1
rs147149347	P00533	Q14155	0	0	1	1	0	0	1	0	1	1
rs147149347	P00533	P35568	0	0	1	1	0	0	1	0	1	1
rs147149347	P00533	P42685	0	0	1	1	0	0	1	0	1	1
rs147149347	P00533	Q16644	0	0	1	1	0	0	1	0	1	1
rs147149347	P00533	P30530	0	0	1	1	0	0	1	0	1	1
rs147149347	P00533	Q13480	0	0	1	1	0	0	1	0	1	1
rs147149347	P00533	P07332	0	0	1	1	0	0	1	0	1	1
rs147149347	P00533	P23467	0	0	1	1	0	0	1	0	1	1
rs147149347	P00533	Q05397	0	0	1	1	0	0	1	0	1	1
rs147149347	P00533	P51813	0	0	1	1	0	0	1	0	1	1
rs147149347	P00533	P42229	0	0	1	1	0	0	1	0	1	1
rs147149347	P00533	Q14449	0	0	1	1	0	0	1	0	1	1
rs147149347	P00533	Q8IZW8	0	0	1	1	0	0	1	0	1	1
rs147149347	P00533	Q12913	0	0	1	1	0	0	1	0	1	1
rs147149347	P00533	P04049	0	0	1	1	0	0	1	0	1	1
rs147149347	P00533	P18031	0	0	1	1	0	0	1	0	1	1
rs147149347	P00533	Q9Y490	0	0	1	1	0	0	1	0	1	1
rs147149347	P00533	Q9UKG1	0	0	1	1	0	0	1	0	1	1
rs147149347	P00533	P07949	0	0	1	1	0	0	1	0	1	1
rs147149347	P00533	P52735	0	0	1	1	0	0	1	0	1	1
rs147149347	P00533	P07947	0	0	1	1	0	0	1	0	1	1
rs147149347	P00533	Q68CZ2	0	0	1	1	0	0	1	0	1	1
rs147149347	P00533	P51451	0	0	1	1	0	0	1	0	1	1
rs147149347	P00533	P29350	0	0	1	1	0	0	1	0	1	1
rs147149347	P00533	Q38SD2	0	0	1	1	0	0	1	0	1	1
rs147149347	P00533	P52630	0	0	1	1	0	0	1	0	1	1
rs147149347	P00533	Q9Y5X1	0	0	1	1	0	0	1	0	1	1
rs147149347	P00533	P45983	0	0	1	1	0	0	1	0	1	1
rs147149347	P00533	P17612	0	0	1	1	0	0	1	0	1	1
rs147149347	P00533	Q92529	0	0	1	1	0	0	1	0	1	1
rs147149347	P00533	Q9UQB8	0	0	1	1	0	0	1	0	1	1
rs147149347	P00533	P42224	0	0	1	1	0	0	1	0	1	1
rs147149347	P00533	Q99704	0	0	1	1	0	0	1	0	1	1
rs147149347	P00533	Q13239	0	0	1	1	0	0	1	0	1	1
rs147149347	P00533	O43707	0	0	1	1	0	0	1	0	1	1
rs147149347	P00533	P29317	0	0	1	1	0	0	1	0	1	1
rs147149347	P00533	Q8N5H7	0	0	1	1	0	0	1	0	1	1
rs147149347	P00533	Q6S5L8	0	0	1	1	0	0	1	0	1	1
rs147149347	P00533	P08631	0	0	1	1	0	0	1	0	1	1
rs147149347	P00533	O14544	0	0	1	1	0	0	1	0	1	1
rs147149347	P00533	P43405	0	0	1	1	0	0	1	0	1	1
rs147149347	P00533	P06493	0	0	1	1	0	0	1	0	1	1
rs147149347	P00533	P17706	0	0	1	1	0	0	1	0	1	1
rs147149347	P00533	P45984	0	0	1	1	0	0	1	0	1	1
rs147149347	P00533	P54760	0	0	1	1	0	0	1	0	1	1
rs147149347	P00533	Q16620	0	0	1	1	0	0	1	0	1	1
rs147149347	P00533	Q07912	0	0	1	1	0	0	1	0	1	1
rs147149347	P00533	P25098	0	0	1	1	0	0	1	0	1	1
rs147149347	P00533	P19174	0	0	1	1	0	0	1	0	1	1
rs147149347	P00533	P05771	0	0	1	1	0	0	1	0	1	1
rs147149347	P00533	P23468	0	0	1	1	0	0	1	0	1	1
rs147149347	P00533	P00533	0	0	1	1	0	0	1	0	1	1
rs147149347	P00533	O14965	0	0	1	1	0	0	1	0	1	1
rs147149347	P00533	P21860	0	0	1	1	0	0	1	0	1	1
rs147149347	P00533	P15498	0	0	1	1	0	0	1	0	1	1
rs147149347	P00533	P46940	0	0	1	1	0	0	1	0	1	1
rs147149347	P00533	O14543	0	0	1	1	0	0	1	0	1	1
rs147149347	P00533	Q9H6Q3	0	0	1	1	0	0	1	0	1	1
rs147149347	P00533	P42684	0	0	1	1	0	0	1	0	1	1
rs147149347	P00533	P17252	0	0	1	1	0	0	1	0	1	1
rs147149347	P00533	Q16539	0	0	1	1	0	0	1	0	1	1
rs147149347	P00533	Q92569	0	0	1	1	0	0	1	0	1	1
rs147149347	P00533	P07948	0	0	1	1	0	0	1	0	1	1
rs147149347	P00533	O75886	0	0	1	1	0	0	1	0	1	1
rs147149347	P00533	Q9UJM3	0	0	1	1	0	0	1	0	1	1
rs147149347	P00533	Q96B97	0	0	1	1	0	0	1	0	1	1
rs147149347	P00533	O60880	0	0	1	1	0	0	1	0	1	1
rs147149347	P00533	P00519	0	0	1	1	0	0	1	0	1	1
rs147149347	P00533	O94875	0	0	1	1	0	0	1	0	1	1
rs147149347	P00533	Q99418	0	0	1	1	0	0	1	0	1	1
rs147149347	P00533	O75791	0	0	1	1	0	0	1	0	1	1
rs147149347	P00533	Q06124	0	0	1	1	0	0	1	0	1	1
rs147149347	P00533	Q7Z7G1	0	0	1	1	0	0	1	0	1	1
rs147149347	P00533	Q14289	0	0	1	1	0	0	1	0	1	1
rs147149347	P00533	P11309	0	0	1	1	0	0	1	0	1	1
rs147149347	P00533	P09769	0	0	1	1	0	0	1	0	1	1
rs147149347	P00533	P46109	0	0	1	1	0	0	1	0	1	1
rs147149347	P00533	Q13387	0	0	1	1	0	0	1	0	1	1
rs147149347	P00533	Q07889	0	0	1	1	0	0	1	0	1	1
rs147149347	P00533	Q9BRG2	0	0	1	1	0	0	1	0	1	1
rs147149347	P00533	Q9NP31	0	0	1	1	0	0	1	0	1	1
rs147149347	P00533	P15311	0	0	1	1	0	0	1	0	1	1
rs147149347	P00533	P62993	0	0	1	1	0	0	1	0	1	1
rs147149347	P00533	Q05513	0	0	1	1	0	0	1	0	1	1
rs147149347	P00533	Q15303	0	0	1	1	0	0	1	0	1	1
rs147149347	P00533	Q07890	0	0	1	1	0	0	1	0	1	1
rs147149347	P00533	P04626	0	0	1	1	0	0	1	0	1	1
rs147149347	P00533	Q02156	0	0	1	1	0	0	1	0	1	1
rs147149347	P00533	P27986	0	0	1	1	0	0	1	0	1	1
rs147149347	P00533	O75815	0	0	1	1	0	0	1	0	1	1
rs147149347	P00533	Q92918	0	0	1	1	0	0	1	0	1	1
rs147149347	P00533	P10586	0	0	1	1	0	0	1	0	1	1
rs147149347	P00533	Q14247	0	0	1	1	0	0	1	0	1	1
rs147149347	P00533	P16234	0	0	1	1	0	0	1	0	1	1
rs147149347	P00533	Q9Y2H9	0	0	1	1	0	0	1	0	1	1
rs147149347	P00533	Q8WXH5	0	0	1	1	0	0	1	0	1	1
rs147149347	P00533	Q9NSE2	0	0	1	1	0	0	1	0	1	1
rs147149347	P00533	Q05209	0	0	1	1	0	0	1	0	1	1
rs147149347	P00533	Q9NRF2	0	0	1	1	0	0	1	0	1	1
rs147149347	P00533	P40763	0	0	1	1	0	0	1	0	1	1
rs147149347	P00533	Q9UQF2	0	0	1	1	0	0	1	0	1	1
rs147149347	P00533	Q9Y2R2	0	0	1	1	0	0	1	0	1	1
rs147149347	P00533	Q13094	0	0	1	1	0	0	1	0	1	1
rs147149347	P00533	P20936	0	0	1	1	0	0	1	0	1	1
rs147149347	P00533	Q9UQC2	0	0	1	1	0	0	1	0	1	1
rs147149347	P00533	P12931	0	0	1	1	0	0	1	0	1	1
rs147149347	P00533	Q8TF42	0	0	1	1	0	0	1	0	1	1
rs147149347	P00533	O43639	0	0	1	1	0	0	1	0	1	1
rs147149347	P00533	O00459	0	0	1	1	0	0	1	0	1	1
rs147149347	P00533	Q13882	0	0	1	1	0	0	1	0	1	1
rs147149347	P00533	P41240	0	0	1	1	0	0	1	0	1	1
rs147149347	P00533	Q12929	0	0	1	1	0	0	1	0	1	1
rs147149347	P00533	Q01973	0	0	1	1	0	0	1	0	1	1
rs147149347	P00533	P08581	0	0	1	1	0	0	1	0	1	1
rs147149347	P00533	P31749	0	0	1	1	0	0	1	0	1	1
rs147149347	P00533	Q13153	0	0	1	1	0	0	1	0	1	1
rs147149347	P00533	Q12852	0	0	1	1	0	0	1	0	1	1
rs147149347	P00533	A4FU49	0	0	1	1	0	0	1	0	1	1
rs147149347	P00533	Q99759	0	0	1	1	0	0	1	0	1	1
rs147149347	P00533	P56945	0	0	1	1	0	0	1	0	1	1
rs147149347	P00533	P16333	0	0	1	1	0	0	1	0	1	1
rs147149347	P00533	P29353	0	0	1	1	0	0	1	0	1	1
rs147149347	P00533	P16885	0	0	1	1	0	0	1	0	1	1
rs147149347	P00533	Q99952	0	0	1	1	0	0	1	0	1	1
rs147149347	P00533	Q13322	0	0	1	1	0	0	1	0	1	1
rs147149347	P00533	P98077	0	0	1	1	0	0	1	0	1	1
rs147149347	P00533	Q9UQQ2	0	0	1	1	0	0	1	0	1	1
rs147149347	P00533	Q9NZM3	0	0	1	1	0	0	1	0	1	1
rs147149347	P00533	P43403	0	0	1	1	0	0	1	0	1	1
rs147149347	P00533	P46108	0	0	1	1	0	0	1	0	1	1
rs147149347	P00533	P51692	0	0	1	1	0	0	1	0	1	1
rs147149347	P00533	O60674	0	0	1	1	0	0	1	0	1	1
rs121913530	P01116	P10398	1	1	1	1	1	1	1	0	1	1
rs121913530	P01116	P49336	1	1	1	1	1	1	1	0	1	1
rs121913530	P01116	O00459	1	1	1	1	1	1	1	0	1	1
rs121913530	P01116	P42336	1	1	1	1	1	1	1	0	1	1
rs121913530	P01116	Q12967	1	1	1	1	1	1	1	0	1	1
rs121913530	P01116	P48736	1	1	1	1	1	1	1	0	1	1
rs121913530	P01116	Q8IUH5	1	1	1	1	1	1	1	0	1	1
rs121913530	P01116	O14827	1	1	1	1	1	1	1	0	1	1
rs121913530	P01116	Q96ID5	1	1	1	1	1	1	1	0	1	1
rs121913530	P01116	O95661	1	1	1	1	1	1	1	0	1	1
rs121913530	P01116	O15211	1	1	1	1	1	1	1	0	1	1
rs121913530	P01116	P50749	1	1	1	1	1	1	1	0	1	1
rs121913530	P01116	P04049	1	1	1	1	1	1	1	0	1	1
rs121913530	P01116	Q8WWW0	1	1	1	1	1	1	1	0	1	1
rs17879961	O96017	Q96SB4	1	1	0	1	0	0	1	1	0	1
rs17879961	O96017	P53350	1	1	0	1	0	0	1	1	0	1
rs17879961	O96017	O96017	1	1	0	1	0	0	1	1	0	1
rs17879961	O96017	Q9UQ88	1	1	0	1	0	0	1	1	0	1
rs17879961	O96017	P18887	1	1	0	1	0	0	1	1	0	1
rs17879961	O96017	P38398	1	1	0	1	0	0	1	1	0	1
rs17879961	O96017	O43293	1	1	0	1	0	0	1	1	0	1
rs17879961	O96017	Q9NRM7	1	1	0	1	0	0	1	1	0	1
rs17879961	O96017	P78362	1	1	0	1	0	0	1	1	0	1
rs17879961	O96017	P68400	1	1	0	1	0	0	1	1	0	1
rs17879961	O96017	P19784	1	1	0	1	0	0	1	1	0	1
rs17879961	O96017	O60934	1	1	0	1	0	0	1	1	0	1
rs17879961	O96017	Q9H4B4	1	1	0	1	0	0	1	1	0	1
rs17879961	O96017	Q14676	1	1	0	1	0	0	1	1	0	1
rs17879961	O96017	P85037	1	1	0	1	0	0	1	1	0	1
rs17879961	O96017	O76064	1	1	0	1	0	0	1	1	0	1
rs17879961	O96017	Q01167	1	1	0	1	0	0	1	1	0	1
rs864621996	P00533	Q70E73	0	0	1	1	1	1	1	0	1	1
rs864621996	P00533	Q08881	0	0	1	1	1	1	1	0	1	1
rs864621996	P00533	Q14155	0	0	1	1	1	1	1	0	1	1
rs864621996	P00533	P35568	0	0	1	1	1	1	1	0	1	1
rs864621996	P00533	P42685	0	0	1	1	1	1	1	0	1	1
rs864621996	P00533	Q16644	0	0	1	1	1	1	1	0	1	1
rs864621996	P00533	P30530	0	0	1	1	1	1	1	0	1	1
rs864621996	P00533	Q13480	0	0	1	1	1	1	1	0	1	1
rs864621996	P00533	P07332	0	0	1	1	1	1	1	0	1	1
rs864621996	P00533	P23467	0	0	1	1	1	1	1	0	1	1
rs864621996	P00533	Q05397	0	0	1	1	1	1	1	0	1	1
rs864621996	P00533	P51813	0	0	1	1	1	1	1	0	1	1
rs864621996	P00533	P42229	0	0	1	1	1	1	1	0	1	1
rs864621996	P00533	Q14449	0	0	1	1	1	1	1	0	1	1
rs864621996	P00533	Q8IZW8	0	0	1	1	1	1	1	0	1	1
rs864621996	P00533	Q12913	0	0	1	1	1	1	1	0	1	1
rs864621996	P00533	P04049	0	0	1	1	1	1	1	0	1	1
rs864621996	P00533	P18031	0	0	1	1	1	1	1	0	1	1
rs864621996	P00533	Q9Y490	0	0	1	1	1	1	1	0	1	1
rs864621996	P00533	Q9UKG1	0	0	1	1	1	1	1	0	1	1
rs864621996	P00533	P07949	0	0	1	1	1	1	1	0	1	1
rs864621996	P00533	P52735	0	0	1	1	1	1	1	0	1	1
rs864621996	P00533	P07947	0	0	1	1	1	1	1	0	1	1
rs864621996	P00533	Q68CZ2	0	0	1	1	1	1	1	0	1	1
rs864621996	P00533	P51451	0	0	1	1	1	1	1	0	1	1
rs864621996	P00533	P29350	0	0	1	1	1	1	1	0	1	1
rs864621996	P00533	Q38SD2	0	0	1	1	1	1	1	0	1	1
rs864621996	P00533	P52630	0	0	1	1	1	1	1	0	1	1
rs864621996	P00533	Q9Y5X1	0	0	1	1	1	1	1	0	1	1
rs864621996	P00533	P45983	0	0	1	1	1	1	1	0	1	1
rs864621996	P00533	P17612	0	0	1	1	1	1	1	0	1	1
rs864621996	P00533	Q92529	0	0	1	1	1	1	1	0	1	1
rs864621996	P00533	Q9UQB8	0	0	1	1	1	1	1	0	1	1
rs864621996	P00533	P42224	0	0	1	1	1	1	1	0	1	1
rs864621996	P00533	Q99704	0	0	1	1	1	1	1	0	1	1
rs864621996	P00533	Q13239	0	0	1	1	1	1	1	0	1	1
rs864621996	P00533	O43707	0	0	1	1	1	1	1	0	1	1
rs864621996	P00533	P29317	0	0	1	1	1	1	1	0	1	1
rs864621996	P00533	Q8N5H7	0	0	1	1	1	1	1	0	1	1
rs864621996	P00533	Q6S5L8	0	0	1	1	1	1	1	0	1	1
rs864621996	P00533	P08631	0	0	1	1	1	1	1	0	1	1
rs864621996	P00533	O14544	0	0	1	1	1	1	1	0	1	1
rs864621996	P00533	P43405	0	0	1	1	1	1	1	0	1	1
rs864621996	P00533	P06493	0	0	1	1	1	1	1	0	1	1
rs864621996	P00533	P17706	0	0	1	1	1	1	1	0	1	1
rs864621996	P00533	P45984	0	0	1	1	1	1	1	0	1	1
rs864621996	P00533	P54760	0	0	1	1	1	1	1	0	1	1
rs864621996	P00533	Q16620	0	0	1	1	1	1	1	0	1	1
rs864621996	P00533	Q07912	0	0	1	1	1	1	1	0	1	1
rs864621996	P00533	P25098	0	0	1	1	1	1	1	0	1	1
rs864621996	P00533	P19174	0	0	1	1	1	1	1	0	1	1
rs864621996	P00533	P05771	0	0	1	1	1	1	1	0	1	1
rs864621996	P00533	P23468	0	0	1	1	1	1	1	0	1	1
rs864621996	P00533	P00533	0	0	1	1	1	1	1	0	1	1
rs864621996	P00533	O14965	0	0	1	1	1	1	1	0	1	1
rs864621996	P00533	P21860	0	0	1	1	1	1	1	0	1	1
rs864621996	P00533	P15498	0	0	1	1	1	1	1	0	1	1
rs864621996	P00533	P46940	0	0	1	1	1	1	1	0	1	1
rs864621996	P00533	O14543	0	0	1	1	1	1	1	0	1	1
rs864621996	P00533	Q9H6Q3	0	0	1	1	1	1	1	0	1	1
rs864621996	P00533	P42684	0	0	1	1	1	1	1	0	1	1
rs864621996	P00533	P17252	0	0	1	1	1	1	1	0	1	1
rs864621996	P00533	Q16539	0	0	1	1	1	1	1	0	1	1
rs864621996	P00533	Q92569	0	0	1	1	1	1	1	0	1	1
rs864621996	P00533	P07948	0	0	1	1	1	1	1	0	1	1
rs864621996	P00533	O75886	0	0	1	1	1	1	1	0	1	1
rs864621996	P00533	Q9UJM3	0	0	1	1	1	1	1	0	1	1
rs864621996	P00533	Q96B97	0	0	1	1	1	1	1	0	1	1
rs864621996	P00533	O60880	0	0	1	1	1	1	1	0	1	1
rs864621996	P00533	P00519	0	0	1	1	1	1	1	0	1	1
rs864621996	P00533	O94875	0	0	1	1	1	1	1	0	1	1
rs864621996	P00533	Q99418	0	0	1	1	1	1	1	0	1	1
rs864621996	P00533	O75791	0	0	1	1	1	1	1	0	1	1
rs864621996	P00533	Q06124	0	0	1	1	1	1	1	0	1	1
rs864621996	P00533	Q7Z7G1	0	0	1	1	1	1	1	0	1	1
rs864621996	P00533	Q14289	0	0	1	1	1	1	1	0	1	1
rs864621996	P00533	P11309	0	0	1	1	1	1	1	0	1	1
rs864621996	P00533	P09769	0	0	1	1	1	1	1	0	1	1
rs864621996	P00533	P46109	0	0	1	1	1	1	1	0	1	1
rs864621996	P00533	Q13387	0	0	1	1	1	1	1	0	1	1
rs864621996	P00533	Q07889	0	0	1	1	1	1	1	0	1	1
rs864621996	P00533	Q9BRG2	0	0	1	1	1	1	1	0	1	1
rs864621996	P00533	Q9NP31	0	0	1	1	1	1	1	0	1	1
rs864621996	P00533	P15311	0	0	1	1	1	1	1	0	1	1
rs864621996	P00533	P62993	0	0	1	1	1	1	1	0	1	1
rs864621996	P00533	Q05513	0	0	1	1	1	1	1	0	1	1
rs864621996	P00533	Q15303	0	0	1	1	1	1	1	0	1	1
rs864621996	P00533	Q07890	0	0	1	1	1	1	1	0	1	1
rs864621996	P00533	P04626	0	0	1	1	1	1	1	0	1	1
rs864621996	P00533	Q02156	0	0	1	1	1	1	1	0	1	1
rs864621996	P00533	P27986	0	0	1	1	1	1	1	0	1	1
rs864621996	P00533	O75815	0	0	1	1	1	1	1	0	1	1
rs864621996	P00533	Q92918	0	0	1	1	1	1	1	0	1	1
rs864621996	P00533	P10586	0	0	1	1	1	1	1	0	1	1
rs864621996	P00533	Q14247	0	0	1	1	1	1	1	0	1	1
rs864621996	P00533	P16234	0	0	1	1	1	1	1	0	1	1
rs864621996	P00533	Q9Y2H9	0	0	1	1	1	1	1	0	1	1
rs864621996	P00533	Q8WXH5	0	0	1	1	1	1	1	0	1	1
rs864621996	P00533	Q9NSE2	0	0	1	1	1	1	1	0	1	1
rs864621996	P00533	Q05209	0	0	1	1	1	1	1	0	1	1
rs864621996	P00533	Q9NRF2	0	0	1	1	1	1	1	0	1	1
rs864621996	P00533	P40763	0	0	1	1	1	1	1	0	1	1
rs864621996	P00533	Q9UQF2	0	0	1	1	1	1	1	0	1	1
rs864621996	P00533	Q9Y2R2	0	0	1	1	1	1	1	0	1	1
rs864621996	P00533	Q13094	0	0	1	1	1	1	1	0	1	1
rs864621996	P00533	P20936	0	0	1	1	1	1	1	0	1	1
rs864621996	P00533	Q9UQC2	0	0	1	1	1	1	1	0	1	1
rs864621996	P00533	P12931	0	0	1	1	1	1	1	0	1	1
rs864621996	P00533	Q8TF42	0	0	1	1	1	1	1	0	1	1
rs864621996	P00533	O43639	0	0	1	1	1	1	1	0	1	1
rs864621996	P00533	O00459	0	0	1	1	1	1	1	0	1	1
rs864621996	P00533	Q13882	0	0	1	1	1	1	1	0	1	1
rs864621996	P00533	P41240	0	0	1	1	1	1	1	0	1	1
rs864621996	P00533	Q12929	0	0	1	1	1	1	1	0	1	1
rs864621996	P00533	Q01973	0	0	1	1	1	1	1	0	1	1
rs864621996	P00533	P08581	0	0	1	1	1	1	1	0	1	1
rs864621996	P00533	P31749	0	0	1	1	1	1	1	0	1	1
rs864621996	P00533	Q13153	0	0	1	1	1	1	1	0	1	1
rs864621996	P00533	Q12852	0	0	1	1	1	1	1	0	1	1
rs864621996	P00533	A4FU49	0	0	1	1	1	1	1	0	1	1
rs864621996	P00533	Q99759	0	0	1	1	1	1	1	0	1	1
rs864621996	P00533	P56945	0	0	1	1	1	1	1	0	1	1
rs864621996	P00533	P16333	0	0	1	1	1	1	1	0	1	1
rs864621996	P00533	P29353	0	0	1	1	1	1	1	0	1	1
rs864621996	P00533	P16885	0	0	1	1	1	1	1	0	1	1
rs864621996	P00533	Q99952	0	0	1	1	1	1	1	0	1	1
rs864621996	P00533	Q13322	0	0	1	1	1	1	1	0	1	1
rs864621996	P00533	P98077	0	0	1	1	1	1	1	0	1	1
rs864621996	P00533	Q9UQQ2	0	0	1	1	1	1	1	0	1	1
rs864621996	P00533	Q9NZM3	0	0	1	1	1	1	1	0	1	1
rs864621996	P00533	P43403	0	0	1	1	1	1	1	0	1	1
rs864621996	P00533	P46108	0	0	1	1	1	1	1	0	1	1
rs864621996	P00533	P51692	0	0	1	1	1	1	1	0	1	1
rs864621996	P00533	O60674	0	0	1	1	1	1	1	0	1	1
rs121917702	Q03518	Q03519	1	0	1	1	1	1	1	1	1	1
